   20    ,10         ,50              ,0.014                   ,seconds
   20    ,10         ,100              ,0.029                   ,seconds
   20    ,10         ,150              ,0.044                   ,seconds
   20    ,10         ,200              ,0.058                   ,seconds
   20    ,10         ,250              ,0.074                   ,seconds
   20    ,10         ,300              ,0.088                   ,seconds
   20    ,10         ,350              ,0.102                   ,seconds
   20    ,10         ,400              ,0.116                   ,seconds
   20    ,10         ,450              ,0.132                   ,seconds
   20    ,10         ,500              ,0.147                   ,seconds
   20    ,10         ,550              ,0.164                   ,seconds
   20    ,10         ,600              ,0.175                   ,seconds
   20    ,10         ,650              ,0.19                   ,seconds
   20    ,10         ,700              ,0.203                   ,seconds
   20    ,10         ,750              ,0.22                   ,seconds
   20    ,10         ,800              ,0.236                   ,seconds
   20    ,10         ,850              ,0.248                   ,seconds
   20    ,10         ,900              ,0.262                   ,seconds
   20    ,10         ,950              ,0.276                   ,seconds
   20    ,10         ,1000              ,0.292                   ,seconds
   20    ,10         ,1050              ,0.308                   ,seconds
   20    ,10         ,1100              ,0.32                   ,seconds
   20    ,10         ,1150              ,0.337                   ,seconds
   20    ,10         ,1200              ,0.35                   ,seconds
   20    ,10         ,1250              ,0.367                   ,seconds
   20    ,10         ,1300              ,0.385                   ,seconds
   20    ,10         ,1350              ,0.397                   ,seconds
   20    ,10         ,1400              ,0.41                   ,seconds
   20    ,10         ,1450              ,0.425                   ,seconds
   20    ,10         ,1500              ,0.437                   ,seconds
   20    ,10         ,1550              ,0.452                   ,seconds
   20    ,10         ,1600              ,0.466                   ,seconds
   20    ,10         ,1650              ,0.483                   ,seconds
   20    ,10         ,1700              ,0.496                   ,seconds
   20    ,10         ,1750              ,0.511                   ,seconds
   20    ,10         ,1800              ,0.524                   ,seconds
   20    ,10         ,1850              ,0.54                   ,seconds
   20    ,10         ,1900              ,0.553                   ,seconds
   20    ,10         ,1950              ,0.568                   ,seconds
   20    ,10         ,2000              ,0.583                   ,seconds
   20    ,10         ,2050              ,0.598                   ,seconds
   20    ,10         ,2100              ,0.614                   ,seconds
   20    ,10         ,2150              ,0.645                   ,seconds
   20    ,10         ,2200              ,0.642                   ,seconds
   20    ,10         ,2250              ,0.683                   ,seconds
   20    ,10         ,2300              ,0.71                   ,seconds
   20    ,10         ,2350              ,0.708                   ,seconds
   20    ,10         ,2400              ,0.707                   ,seconds
   20    ,10         ,2450              ,0.749                   ,seconds
   20    ,10         ,2500              ,0.735                   ,seconds
   20    ,10         ,2550              ,0.79                   ,seconds
   20    ,10         ,2600              ,0.812                   ,seconds
   20    ,10         ,2650              ,0.806                   ,seconds
   20    ,10         ,2700              ,0.788                   ,seconds
   20    ,10         ,2750              ,0.801                   ,seconds
   20    ,10         ,2800              ,0.851                   ,seconds
   20    ,10         ,2850              ,0.872                   ,seconds
   20    ,10         ,2900              ,0.848                   ,seconds
   20    ,10         ,2950              ,0.863                   ,seconds
   20    ,10         ,3000              ,0.874                   ,seconds
   20    ,10         ,3050              ,0.89                   ,seconds
   20    ,10         ,3100              ,0.901                   ,seconds
   20    ,10         ,3150              ,0.918                   ,seconds
   20    ,10         ,3200              ,0.932                   ,seconds
   20    ,10         ,3250              ,0.945                   ,seconds
   20    ,10         ,3300              ,0.961                   ,seconds
   20    ,10         ,3350              ,0.974                   ,seconds
   20    ,10         ,3400              ,0.992                   ,seconds
   20    ,10         ,3450              ,1.004                   ,seconds
   20    ,10         ,3500              ,1.02                   ,seconds
   20    ,10         ,3550              ,1.035                   ,seconds
   20    ,10         ,3600              ,1.05                   ,seconds
   20    ,10         ,3650              ,1.063                   ,seconds
   20    ,10         ,3700              ,1.077                   ,seconds
   20    ,10         ,3750              ,1.093                   ,seconds
   20    ,10         ,3800              ,1.165                   ,seconds
   20    ,10         ,3850              ,1.146                   ,seconds
   20    ,10         ,3900              ,1.151                   ,seconds
   20    ,10         ,3950              ,1.163                   ,seconds
   20    ,10         ,4000              ,1.181                   ,seconds
   20    ,10         ,4050              ,1.193                   ,seconds
   20    ,10         ,4100              ,1.204                   ,seconds
   20    ,10         ,4150              ,1.219                   ,seconds
   20    ,10         ,4200              ,1.226                   ,seconds
   20    ,10         ,4250              ,1.239                   ,seconds
   20    ,10         ,4300              ,1.254                   ,seconds
   20    ,10         ,4350              ,1.281                   ,seconds
   20    ,10         ,4400              ,1.279                   ,seconds
   20    ,10         ,4450              ,1.322                   ,seconds
   20    ,10         ,4500              ,1.317                   ,seconds
   20    ,10         ,4550              ,1.327                   ,seconds
   20    ,10         ,4600              ,1.342                   ,seconds
   20    ,10         ,4650              ,1.354                   ,seconds
   20    ,10         ,4700              ,1.379                   ,seconds
   20    ,10         ,4750              ,1.398                   ,seconds
   20    ,10         ,4800              ,1.41                   ,seconds
   20    ,10         ,4850              ,1.415                   ,seconds
   20    ,10         ,4900              ,1.435                   ,seconds
   20    ,10         ,4950              ,1.458                   ,seconds
   20    ,10         ,5000              ,1.459                   ,seconds
   20    ,10         ,10000              ,2.939                   ,seconds
   20    ,10         ,15000              ,4.405                   ,seconds
   20    ,10         ,20000              ,5.882                   ,seconds
   20    ,20         ,50              ,0.052                   ,seconds
   20    ,20         ,100              ,0.101                   ,seconds
   20    ,20         ,150              ,0.152                   ,seconds
   20    ,20         ,200              ,0.202                   ,seconds
   20    ,20         ,250              ,0.252                   ,seconds
   20    ,20         ,300              ,0.303                   ,seconds
   20    ,20         ,350              ,0.354                   ,seconds
   20    ,20         ,400              ,0.404                   ,seconds
   20    ,20         ,450              ,0.455                   ,seconds
   20    ,20         ,500              ,0.504                   ,seconds
   20    ,20         ,550              ,0.555                   ,seconds
   20    ,20         ,600              ,0.605                   ,seconds
   20    ,20         ,650              ,0.657                   ,seconds
   20    ,20         ,700              ,0.707                   ,seconds
   20    ,20         ,750              ,0.759                   ,seconds
   20    ,20         ,800              ,0.841                   ,seconds
   20    ,20         ,850              ,0.894                   ,seconds
   20    ,20         ,900              ,0.947                   ,seconds
   20    ,20         ,950              ,0.969                   ,seconds
   20    ,20         ,1000              ,1.019                   ,seconds
   20    ,20         ,1050              ,1.062                   ,seconds
   20    ,20         ,1100              ,1.11                   ,seconds
   20    ,20         ,1150              ,1.161                   ,seconds
   20    ,20         ,1200              ,1.222                   ,seconds
   20    ,20         ,1250              ,1.268                   ,seconds
   20    ,20         ,1300              ,1.328                   ,seconds
   20    ,20         ,1350              ,1.378                   ,seconds
   20    ,20         ,1400              ,1.412                   ,seconds
   20    ,20         ,1450              ,1.471                   ,seconds
   20    ,20         ,1500              ,1.561                   ,seconds
   20    ,20         ,1550              ,1.582                   ,seconds
   20    ,20         ,1600              ,1.627                   ,seconds
   20    ,20         ,1650              ,1.678                   ,seconds
   20    ,20         ,1700              ,1.733                   ,seconds
   20    ,20         ,1750              ,1.776                   ,seconds
   20    ,20         ,1800              ,1.826                   ,seconds
   20    ,20         ,1850              ,1.875                   ,seconds
   20    ,20         ,1900              ,1.945                   ,seconds
   20    ,20         ,1950              ,2.05                   ,seconds
   20    ,20         ,2000              ,2.156                   ,seconds
   20    ,20         ,2050              ,2.071                   ,seconds
   20    ,20         ,2100              ,2.123                   ,seconds
   20    ,20         ,2150              ,2.18                   ,seconds
   20    ,20         ,2200              ,2.227                   ,seconds
   20    ,20         ,2250              ,2.35                   ,seconds
   20    ,20         ,2300              ,2.335                   ,seconds
   20    ,20         ,2350              ,2.398                   ,seconds
   20    ,20         ,2400              ,2.557                   ,seconds
   20    ,20         ,2450              ,2.685                   ,seconds
   20    ,20         ,2500              ,2.528                   ,seconds
   20    ,20         ,2550              ,2.576                   ,seconds
   20    ,20         ,2600              ,2.627                   ,seconds
   20    ,20         ,2650              ,2.676                   ,seconds
   20    ,20         ,2700              ,2.736                   ,seconds
   20    ,20         ,2750              ,2.8                   ,seconds
   20    ,20         ,2800              ,2.891                   ,seconds
   20    ,20         ,2850              ,2.878                   ,seconds
   20    ,20         ,2900              ,2.932                   ,seconds
   20    ,20         ,2950              ,2.981                   ,seconds
   20    ,20         ,3000              ,3.042                   ,seconds
   20    ,20         ,3050              ,3.086                   ,seconds
   20    ,20         ,3100              ,3.163                   ,seconds
   20    ,20         ,3150              ,3.193                   ,seconds
   20    ,20         ,3200              ,3.238                   ,seconds
   20    ,20         ,3250              ,3.314                   ,seconds
   20    ,20         ,3300              ,3.35                   ,seconds
   20    ,20         ,3350              ,3.385                   ,seconds
   20    ,20         ,3400              ,3.437                   ,seconds
   20    ,20         ,3450              ,3.538                   ,seconds
   20    ,20         ,3500              ,3.539                   ,seconds
   20    ,20         ,3550              ,3.586                   ,seconds
   20    ,20         ,3600              ,3.667                   ,seconds
   20    ,20         ,3650              ,3.699                   ,seconds
   20    ,20         ,3700              ,3.743                   ,seconds
   20    ,20         ,3750              ,3.784                   ,seconds
   20    ,20         ,3800              ,3.836                   ,seconds
   20    ,20         ,3850              ,3.888                   ,seconds
   20    ,20         ,3900              ,3.94                   ,seconds
   20    ,20         ,3950              ,3.983                   ,seconds
   20    ,20         ,4000              ,4.035                   ,seconds
   20    ,20         ,4050              ,4.088                   ,seconds
   20    ,20         ,4100              ,4.14                   ,seconds
   20    ,20         ,4150              ,4.188                   ,seconds
   20    ,20         ,4200              ,4.237                   ,seconds
   20    ,20         ,4250              ,4.288                   ,seconds
   20    ,20         ,4300              ,4.336                   ,seconds
   20    ,20         ,4350              ,4.39                   ,seconds
   20    ,20         ,4400              ,4.448                   ,seconds
   20    ,20         ,4450              ,4.492                   ,seconds
   20    ,20         ,4500              ,4.54                   ,seconds
   20    ,20         ,4550              ,4.59                   ,seconds
   20    ,20         ,4600              ,4.639                   ,seconds
   20    ,20         ,4650              ,4.69                   ,seconds
   20    ,20         ,4700              ,4.742                   ,seconds
   20    ,20         ,4750              ,4.793                   ,seconds
   20    ,20         ,4800              ,4.844                   ,seconds
   20    ,20         ,4850              ,4.897                   ,seconds
   20    ,20         ,4900              ,4.952                   ,seconds
   20    ,20         ,4950              ,5.005                   ,seconds
   20    ,20         ,5000              ,5.061                   ,seconds
   20    ,20         ,10000              ,10.124                   ,seconds
   20    ,20         ,15000              ,15.214                   ,seconds
   20    ,20         ,20000              ,20.221                   ,seconds
   20    ,30         ,50              ,0.077                   ,seconds
   20    ,30         ,100              ,0.152                   ,seconds
   20    ,30         ,150              ,0.23                   ,seconds
   20    ,30         ,200              ,0.306                   ,seconds
   20    ,30         ,250              ,0.383                   ,seconds
   20    ,30         ,300              ,0.46                   ,seconds
   20    ,30         ,350              ,0.539                   ,seconds
   20    ,30         ,400              ,0.614                   ,seconds
   20    ,30         ,450              ,0.691                   ,seconds
   20    ,30         ,500              ,0.768                   ,seconds
   20    ,30         ,550              ,0.844                   ,seconds
   20    ,30         ,600              ,0.921                   ,seconds
   20    ,30         ,650              ,0.996                   ,seconds
   20    ,30         ,700              ,1.074                   ,seconds
   20    ,30         ,750              ,1.148                   ,seconds
   20    ,30         ,800              ,1.225                   ,seconds
   20    ,30         ,850              ,1.302                   ,seconds
   20    ,30         ,900              ,1.38                   ,seconds
   20    ,30         ,950              ,1.455                   ,seconds
   20    ,30         ,1000              ,1.531                   ,seconds
   20    ,30         ,1050              ,1.61                   ,seconds
   20    ,30         ,1100              ,1.685                   ,seconds
   20    ,30         ,1150              ,1.76                   ,seconds
   20    ,30         ,1200              ,1.841                   ,seconds
   20    ,30         ,1250              ,1.913                   ,seconds
   20    ,30         ,1300              ,1.99                   ,seconds
   20    ,30         ,1350              ,2.069                   ,seconds
   20    ,30         ,1400              ,2.144                   ,seconds
   20    ,30         ,1450              ,2.223                   ,seconds
   20    ,30         ,1500              ,2.296                   ,seconds
   20    ,30         ,1550              ,2.373                   ,seconds
   20    ,30         ,1600              ,2.45                   ,seconds
   20    ,30         ,1650              ,2.533                   ,seconds
   20    ,30         ,1700              ,2.603                   ,seconds
   20    ,30         ,1750              ,2.68                   ,seconds
   20    ,30         ,1800              ,2.768                   ,seconds
   20    ,30         ,1850              ,2.837                   ,seconds
   20    ,30         ,1900              ,2.913                   ,seconds
   20    ,30         ,1950              ,2.991                   ,seconds
   20    ,30         ,2000              ,3.065                   ,seconds
   20    ,30         ,2050              ,3.139                   ,seconds
   20    ,30         ,2100              ,3.214                   ,seconds
   20    ,30         ,2150              ,3.293                   ,seconds
   20    ,30         ,2200              ,3.369                   ,seconds
   20    ,30         ,2250              ,3.445                   ,seconds
   20    ,30         ,2300              ,3.523                   ,seconds
   20    ,30         ,2350              ,3.599                   ,seconds
   20    ,30         ,2400              ,3.674                   ,seconds
   20    ,30         ,2450              ,3.754                   ,seconds
   20    ,30         ,2500              ,3.827                   ,seconds
   20    ,30         ,2550              ,3.906                   ,seconds
   20    ,30         ,2600              ,3.981                   ,seconds
   20    ,30         ,2650              ,4.056                   ,seconds
   20    ,30         ,2700              ,4.139                   ,seconds
   20    ,30         ,2750              ,4.211                   ,seconds
   20    ,30         ,2800              ,4.288                   ,seconds
   20    ,30         ,2850              ,4.36                   ,seconds
   20    ,30         ,2900              ,4.442                   ,seconds
   20    ,30         ,2950              ,4.514                   ,seconds
   20    ,30         ,3000              ,4.595                   ,seconds
   20    ,30         ,3050              ,4.673                   ,seconds
   20    ,30         ,3100              ,4.743                   ,seconds
   20    ,30         ,3150              ,4.823                   ,seconds
   20    ,30         ,3200              ,4.899                   ,seconds
   20    ,30         ,3250              ,4.975                   ,seconds
   20    ,30         ,3300              ,5.056                   ,seconds
   20    ,30         ,3350              ,5.139                   ,seconds
   20    ,30         ,3400              ,5.252                   ,seconds
   20    ,30         ,3450              ,5.395                   ,seconds
   20    ,30         ,3500              ,5.823                   ,seconds
   20    ,30         ,3550              ,5.444                   ,seconds
   20    ,30         ,3600              ,5.664                   ,seconds
   20    ,30         ,3650              ,5.967                   ,seconds
   20    ,30         ,3700              ,5.689                   ,seconds
   20    ,30         ,3750              ,5.742                   ,seconds
   20    ,30         ,3800              ,5.818                   ,seconds
   20    ,30         ,3850              ,5.909                   ,seconds
   20    ,30         ,3900              ,5.974                   ,seconds
   20    ,30         ,3950              ,6.043                   ,seconds
   20    ,30         ,4000              ,6.175                   ,seconds
   20    ,30         ,4050              ,6.266                   ,seconds
   20    ,30         ,4100              ,6.287                   ,seconds
   20    ,30         ,4150              ,6.396                   ,seconds
   20    ,30         ,4200              ,6.448                   ,seconds
   20    ,30         ,4250              ,6.546                   ,seconds
   20    ,30         ,4300              ,6.591                   ,seconds
   20    ,30         ,4350              ,6.671                   ,seconds
   20    ,30         ,4400              ,6.905                   ,seconds
   20    ,30         ,4450              ,6.878                   ,seconds
   20    ,30         ,4500              ,6.897                   ,seconds
   20    ,30         ,4550              ,7.293                   ,seconds
   20    ,30         ,4600              ,7.547                   ,seconds
   20    ,30         ,4650              ,7.159                   ,seconds
   20    ,30         ,4700              ,7.189                   ,seconds
   20    ,30         ,4750              ,7.282                   ,seconds
   20    ,30         ,4800              ,7.354                   ,seconds
   20    ,30         ,4850              ,7.473                   ,seconds
   20    ,30         ,4900              ,7.584                   ,seconds
   20    ,30         ,4950              ,7.821                   ,seconds
   20    ,30         ,5000              ,8.062                   ,seconds
   20    ,30         ,10000              ,15.697                   ,seconds
   20    ,30         ,15000              ,22.993                   ,seconds
   20    ,30         ,20000              ,30.613                   ,seconds
   20    ,40         ,50              ,0.103                   ,seconds
   20    ,40         ,100              ,0.206                   ,seconds
   20    ,40         ,150              ,0.31                   ,seconds
   20    ,40         ,200              ,0.414                   ,seconds
   20    ,40         ,250              ,0.516                   ,seconds
   20    ,40         ,300              ,0.62                   ,seconds
   20    ,40         ,350              ,0.722                   ,seconds
   20    ,40         ,400              ,0.826                   ,seconds
   20    ,40         ,450              ,0.928                   ,seconds
   20    ,40         ,500              ,1.032                   ,seconds
   20    ,40         ,550              ,1.133                   ,seconds
   20    ,40         ,600              ,1.239                   ,seconds
   20    ,40         ,650              ,1.34                   ,seconds
   20    ,40         ,700              ,1.447                   ,seconds
   20    ,40         ,750              ,1.552                   ,seconds
   20    ,40         ,800              ,1.647                   ,seconds
   20    ,40         ,850              ,1.749                   ,seconds
   20    ,40         ,900              ,1.86                   ,seconds
   20    ,40         ,950              ,1.963                   ,seconds
   20    ,40         ,1000              ,2.061                   ,seconds
   20    ,40         ,1050              ,2.18                   ,seconds
   20    ,40         ,1100              ,2.296                   ,seconds
   20    ,40         ,1150              ,2.397                   ,seconds
   20    ,40         ,1200              ,2.481                   ,seconds
   20    ,40         ,1250              ,2.58                   ,seconds
   20    ,40         ,1300              ,2.683                   ,seconds
   20    ,40         ,1350              ,2.807                   ,seconds
   20    ,40         ,1400              ,2.896                   ,seconds
   20    ,40         ,1450              ,3.009                   ,seconds
   20    ,40         ,1500              ,3.099                   ,seconds
   20    ,40         ,1550              ,3.23                   ,seconds
   20    ,40         ,1600              ,3.303                   ,seconds
   20    ,40         ,1650              ,3.413                   ,seconds
   20    ,40         ,1700              ,3.526                   ,seconds
   20    ,40         ,1750              ,3.611                   ,seconds
   20    ,40         ,1800              ,3.709                   ,seconds
   20    ,40         ,1850              ,3.812                   ,seconds
   20    ,40         ,1900              ,3.935                   ,seconds
   20    ,40         ,1950              ,4.059                   ,seconds
   20    ,40         ,2000              ,4.161                   ,seconds
   20    ,40         ,2050              ,4.221                   ,seconds
   20    ,40         ,2100              ,4.355                   ,seconds
   20    ,40         ,2150              ,4.632                   ,seconds
   20    ,40         ,2200              ,4.538                   ,seconds
   20    ,40         ,2250              ,4.637                   ,seconds
   20    ,40         ,2300              ,4.735                   ,seconds
   20    ,40         ,2350              ,4.842                   ,seconds
   20    ,40         ,2400              ,4.953                   ,seconds
   20    ,40         ,2450              ,5.041                   ,seconds
   20    ,40         ,2500              ,5.144                   ,seconds
   20    ,40         ,2550              ,5.302                   ,seconds
   20    ,40         ,2600              ,5.401                   ,seconds
   20    ,40         ,2650              ,5.457                   ,seconds
   20    ,40         ,2700              ,5.593                   ,seconds
   20    ,40         ,2750              ,5.75                   ,seconds
   20    ,40         ,2800              ,5.815                   ,seconds
   20    ,40         ,2850              ,5.89                   ,seconds
   20    ,40         ,2900              ,6.012                   ,seconds
   20    ,40         ,2950              ,6.15                   ,seconds
   20    ,40         ,3000              ,6.247                   ,seconds
   20    ,40         ,3050              ,6.278                   ,seconds
   20    ,40         ,3100              ,6.418                   ,seconds
   20    ,40         ,3150              ,6.582                   ,seconds
   20    ,40         ,3200              ,6.634                   ,seconds
   20    ,40         ,3250              ,6.721                   ,seconds
   20    ,40         ,3300              ,6.815                   ,seconds
   20    ,40         ,3350              ,6.909                   ,seconds
   20    ,40         ,3400              ,7.01                   ,seconds
   20    ,40         ,3450              ,7.124                   ,seconds
   20    ,40         ,3500              ,7.223                   ,seconds
   20    ,40         ,3550              ,7.329                   ,seconds
   20    ,40         ,3600              ,7.497                   ,seconds
   20    ,40         ,3650              ,7.541                   ,seconds
   20    ,40         ,3700              ,7.625                   ,seconds
   20    ,40         ,3750              ,7.975                   ,seconds
   20    ,40         ,3800              ,8.261                   ,seconds
   20    ,40         ,3850              ,7.945                   ,seconds
   20    ,40         ,3900              ,8.131                   ,seconds
   20    ,40         ,3950              ,8.224                   ,seconds
   20    ,40         ,4000              ,8.338                   ,seconds
   20    ,40         ,4050              ,8.355                   ,seconds
   20    ,40         ,4100              ,8.458                   ,seconds
   20    ,40         ,4150              ,8.57                   ,seconds
   20    ,40         ,4200              ,8.724                   ,seconds
   20    ,40         ,4250              ,8.786                   ,seconds
   20    ,40         ,4300              ,8.902                   ,seconds
   20    ,40         ,4350              ,9.042                   ,seconds
   20    ,40         ,4400              ,9.576                   ,seconds
   20    ,40         ,4450              ,10.886                   ,seconds
   20    ,40         ,4500              ,11.18                   ,seconds
   20    ,40         ,4550              ,11.371                   ,seconds
   20    ,40         ,4600              ,11.305                   ,seconds
   20    ,40         ,4650              ,11.574                   ,seconds
   20    ,40         ,4700              ,11.427                   ,seconds
   20    ,40         ,4750              ,11.681                   ,seconds
   20    ,40         ,4800              ,11.983                   ,seconds
   20    ,40         ,4850              ,11.889                   ,seconds
   20    ,40         ,4900              ,12.026                   ,seconds
   20    ,40         ,4950              ,12.033                   ,seconds
   20    ,40         ,5000              ,12.154                   ,seconds
   20    ,40         ,10000              ,21.886                   ,seconds
   20    ,40         ,15000              ,30.96                   ,seconds
   20    ,40         ,20000              ,41.426                   ,seconds
   20    ,50         ,50              ,0.13                   ,seconds
   20    ,50         ,100              ,0.26                   ,seconds
   20    ,50         ,150              ,0.39                   ,seconds
   20    ,50         ,200              ,0.522                   ,seconds
   20    ,50         ,250              ,0.658                   ,seconds
   20    ,50         ,300              ,0.778                   ,seconds
   20    ,50         ,350              ,0.91                   ,seconds
   20    ,50         ,400              ,1.068                   ,seconds
   20    ,50         ,450              ,1.205                   ,seconds
   20    ,50         ,500              ,1.331                   ,seconds
   20    ,50         ,550              ,1.428                   ,seconds
   20    ,50         ,600              ,1.567                   ,seconds
   20    ,50         ,650              ,1.693                   ,seconds
   20    ,50         ,700              ,1.83                   ,seconds
   20    ,50         ,750              ,1.981                   ,seconds
   20    ,50         ,800              ,2.089                   ,seconds
   20    ,50         ,850              ,2.226                   ,seconds
   20    ,50         ,900              ,2.346                   ,seconds
   20    ,50         ,950              ,2.471                   ,seconds
   20    ,50         ,1000              ,2.596                   ,seconds
   20    ,50         ,1050              ,2.725                   ,seconds
   20    ,50         ,1100              ,2.856                   ,seconds
   20    ,50         ,1150              ,2.986                   ,seconds
   20    ,50         ,1200              ,3.125                   ,seconds
   20    ,50         ,1250              ,3.251                   ,seconds
   20    ,50         ,1300              ,3.381                   ,seconds
   20    ,50         ,1350              ,3.544                   ,seconds
   20    ,50         ,1400              ,3.662                   ,seconds
   20    ,50         ,1450              ,3.767                   ,seconds
   20    ,50         ,1500              ,3.91                   ,seconds
   20    ,50         ,1550              ,4.054                   ,seconds
   20    ,50         ,1600              ,4.179                   ,seconds
   20    ,50         ,1650              ,4.33                   ,seconds
   20    ,50         ,1700              ,4.464                   ,seconds
   20    ,50         ,1750              ,4.571                   ,seconds
   20    ,50         ,1800              ,4.682                   ,seconds
   20    ,50         ,1850              ,4.799                   ,seconds
   20    ,50         ,1900              ,4.932                   ,seconds
   20    ,50         ,1950              ,5.087                   ,seconds
   20    ,50         ,2000              ,5.202                   ,seconds
   20    ,50         ,2050              ,5.329                   ,seconds
   20    ,50         ,2100              ,5.465                   ,seconds
   20    ,50         ,2150              ,5.596                   ,seconds
   20    ,50         ,2200              ,5.715                   ,seconds
   20    ,50         ,2250              ,5.85                   ,seconds
   20    ,50         ,2300              ,6.038                   ,seconds
   20    ,50         ,2350              ,6.147                   ,seconds
   20    ,50         ,2400              ,6.267                   ,seconds
   20    ,50         ,2450              ,6.397                   ,seconds
   20    ,50         ,2500              ,6.488                   ,seconds
   20    ,50         ,2550              ,6.622                   ,seconds
   20    ,50         ,2600              ,6.839                   ,seconds
   20    ,50         ,2650              ,6.942                   ,seconds
   20    ,50         ,2700              ,7.038                   ,seconds
   20    ,50         ,2750              ,7.162                   ,seconds
   20    ,50         ,2800              ,7.335                   ,seconds
   20    ,50         ,2850              ,7.442                   ,seconds
   20    ,50         ,2900              ,7.63                   ,seconds
   20    ,50         ,2950              ,7.728                   ,seconds
   20    ,50         ,3000              ,7.848                   ,seconds
   20    ,50         ,3050              ,7.966                   ,seconds
   20    ,50         ,3100              ,8.13                   ,seconds
   20    ,50         ,3150              ,8.206                   ,seconds
   20    ,50         ,3200              ,8.312                   ,seconds
   20    ,50         ,3250              ,8.45                   ,seconds
   20    ,50         ,3300              ,8.606                   ,seconds
   20    ,50         ,3350              ,8.736                   ,seconds
   20    ,50         ,3400              ,8.827                   ,seconds
   20    ,50         ,3450              ,8.966                   ,seconds
   20    ,50         ,3500              ,9.074                   ,seconds
   20    ,50         ,3550              ,9.257                   ,seconds
   20    ,50         ,3600              ,9.365                   ,seconds
   20    ,50         ,3650              ,9.496                   ,seconds
   20    ,50         ,3700              ,9.607                   ,seconds
   20    ,50         ,3750              ,9.743                   ,seconds
   20    ,50         ,3800              ,9.876                   ,seconds
   20    ,50         ,3850              ,10.016                   ,seconds
   20    ,50         ,3900              ,10.121                   ,seconds
   20    ,50         ,3950              ,10.265                   ,seconds
   20    ,50         ,4000              ,10.404                   ,seconds
   20    ,50         ,4050              ,10.545                   ,seconds
   20    ,50         ,4100              ,10.639                   ,seconds
   20    ,50         ,4150              ,10.765                   ,seconds
   20    ,50         ,4200              ,10.935                   ,seconds
   20    ,50         ,4250              ,11.184                   ,seconds
   20    ,50         ,4300              ,11.464                   ,seconds
   20    ,50         ,4350              ,11.533                   ,seconds
   20    ,50         ,4400              ,11.885                   ,seconds
   20    ,50         ,4450              ,11.901                   ,seconds
   20    ,50         ,4500              ,11.99                   ,seconds
   20    ,50         ,4550              ,12.165                   ,seconds
   20    ,50         ,4600              ,12.227                   ,seconds
   20    ,50         ,4650              ,12.372                   ,seconds
   20    ,50         ,4700              ,12.207                   ,seconds
   20    ,50         ,4750              ,12.343                   ,seconds
   20    ,50         ,4800              ,12.472                   ,seconds
   20    ,50         ,4850              ,12.601                   ,seconds
   20    ,50         ,4900              ,12.732                   ,seconds
   20    ,50         ,4950              ,13.008                   ,seconds
   20    ,50         ,5000              ,13.404                   ,seconds
   20    ,50         ,10000              ,26.474                   ,seconds
   20    ,50         ,15000              ,39.745                   ,seconds
   20    ,50         ,20000              ,52.508                   ,seconds
   20    ,60         ,50              ,0.157                   ,seconds
   20    ,60         ,100              ,0.318                   ,seconds
   20    ,60         ,150              ,0.472                   ,seconds
   20    ,60         ,200              ,0.63                   ,seconds
   20    ,60         ,250              ,0.787                   ,seconds
   20    ,60         ,300              ,0.946                   ,seconds
   20    ,60         ,350              ,1.098                   ,seconds
   20    ,60         ,400              ,1.261                   ,seconds
   20    ,60         ,450              ,1.421                   ,seconds
   20    ,60         ,500              ,1.579                   ,seconds
   20    ,60         ,550              ,1.731                   ,seconds
   20    ,60         ,600              ,1.886                   ,seconds
   20    ,60         ,650              ,2.052                   ,seconds
   20    ,60         ,700              ,2.202                   ,seconds
   20    ,60         ,750              ,2.36                   ,seconds
   20    ,60         ,800              ,2.531                   ,seconds
   20    ,60         ,850              ,2.674                   ,seconds
   20    ,60         ,900              ,2.823                   ,seconds
   20    ,60         ,950              ,2.979                   ,seconds
   20    ,60         ,1000              ,3.139                   ,seconds
   20    ,60         ,1050              ,3.328                   ,seconds
   20    ,60         ,1100              ,3.486                   ,seconds
   20    ,60         ,1150              ,3.605                   ,seconds
   20    ,60         ,1200              ,3.812                   ,seconds
   20    ,60         ,1250              ,3.99                   ,seconds
   20    ,60         ,1300              ,4.162                   ,seconds
   20    ,60         ,1350              ,4.258                   ,seconds
   20    ,60         ,1400              ,4.405                   ,seconds
   20    ,60         ,1450              ,4.56                   ,seconds
   20    ,60         ,1500              ,4.724                   ,seconds
   20    ,60         ,1550              ,4.884                   ,seconds
   20    ,60         ,1600              ,5.025                   ,seconds
   20    ,60         ,1650              ,5.2                   ,seconds
   20    ,60         ,1700              ,5.334                   ,seconds
   20    ,60         ,1750              ,5.501                   ,seconds
   20    ,60         ,1800              ,5.659                   ,seconds
   20    ,60         ,1850              ,5.85                   ,seconds
   20    ,60         ,1900              ,6.001                   ,seconds
   20    ,60         ,1950              ,6.118                   ,seconds
   20    ,60         ,2000              ,6.283                   ,seconds
   20    ,60         ,2050              ,6.437                   ,seconds
   20    ,60         ,2100              ,6.617                   ,seconds
   20    ,60         ,2150              ,6.831                   ,seconds
   20    ,60         ,2200              ,6.945                   ,seconds
   20    ,60         ,2250              ,7.078                   ,seconds
   20    ,60         ,2300              ,7.234                   ,seconds
   20    ,60         ,2350              ,7.396                   ,seconds
   20    ,60         ,2400              ,7.525                   ,seconds
   20    ,60         ,2450              ,7.697                   ,seconds
   20    ,60         ,2500              ,7.869                   ,seconds
   20    ,60         ,2550              ,8.047                   ,seconds
   20    ,60         ,2600              ,8.19                   ,seconds
   20    ,60         ,2650              ,8.334                   ,seconds
   20    ,60         ,2700              ,8.49                   ,seconds
   20    ,60         ,2750              ,8.676                   ,seconds
   20    ,60         ,2800              ,8.823                   ,seconds
   20    ,60         ,2850              ,9.001                   ,seconds
   20    ,60         ,2900              ,9.225                   ,seconds
   20    ,60         ,2950              ,9.335                   ,seconds
   20    ,60         ,3000              ,9.44                   ,seconds
   20    ,60         ,3050              ,9.655                   ,seconds
   20    ,60         ,3100              ,9.892                   ,seconds
   20    ,60         ,3150              ,10.828                   ,seconds
   20    ,60         ,3200              ,12.497                   ,seconds
   20    ,60         ,3250              ,11.997                   ,seconds
   20    ,60         ,3300              ,12.238                   ,seconds
   20    ,60         ,3350              ,12.623                   ,seconds
   20    ,60         ,3400              ,12.398                   ,seconds
   20    ,60         ,3450              ,13.029                   ,seconds
   20    ,60         ,3500              ,12.992                   ,seconds
   20    ,60         ,3550              ,12.929                   ,seconds
   20    ,60         ,3600              ,13.159                   ,seconds
   20    ,60         ,3650              ,12.938                   ,seconds
   20    ,60         ,3700              ,11.807                   ,seconds
   20    ,60         ,3750              ,11.831                   ,seconds
   20    ,60         ,3800              ,12.111                   ,seconds
   20    ,60         ,3850              ,13.48                   ,seconds
   20    ,60         ,3900              ,12.951                   ,seconds
   20    ,60         ,3950              ,12.735                   ,seconds
   20    ,60         ,4000              ,12.751                   ,seconds
   20    ,60         ,4050              ,13.082                   ,seconds
   20    ,60         ,4100              ,13.148                   ,seconds
   20    ,60         ,4150              ,14.339                   ,seconds
   20    ,60         ,4200              ,15.43                   ,seconds
   20    ,60         ,4250              ,15.562                   ,seconds
   20    ,60         ,4300              ,15.756                   ,seconds
   20    ,60         ,4350              ,15.757                   ,seconds
   20    ,60         ,4400              ,16.291                   ,seconds
   20    ,60         ,4450              ,15.943                   ,seconds
   20    ,60         ,4500              ,16.559                   ,seconds
   20    ,60         ,4550              ,16.376                   ,seconds
   20    ,60         ,4600              ,16.252                   ,seconds
   20    ,60         ,4650              ,14.756                   ,seconds
   20    ,60         ,4700              ,14.808                   ,seconds
   20    ,60         ,4750              ,14.948                   ,seconds
   20    ,60         ,4800              ,15.111                   ,seconds
   20    ,60         ,4850              ,15.263                   ,seconds
   20    ,60         ,4900              ,15.432                   ,seconds
   20    ,60         ,4950              ,15.58                   ,seconds
   20    ,60         ,5000              ,15.762                   ,seconds
   20    ,60         ,10000              ,31.555                   ,seconds
   20    ,60         ,15000              ,49.784                   ,seconds
   20    ,60         ,20000              ,72.336                   ,seconds

   10    ,20         ,5              ,0.002                   ,seconds
   10    ,20         ,10              ,0.002                   ,seconds
   10    ,20         ,15              ,0.003                   ,seconds
   10    ,20         ,20              ,0.004                   ,seconds
   10    ,20         ,25              ,0.006                   ,seconds
   10    ,20         ,30              ,0.007                   ,seconds
   10    ,20         ,35              ,0.009                   ,seconds
   10    ,20         ,40              ,0.009                   ,seconds
   10    ,20         ,45              ,0.01                   ,seconds
   10    ,20         ,50              ,0.011                   ,seconds
   10    ,20         ,100              ,0.023                   ,seconds
   10    ,20         ,150              ,0.035                   ,seconds
   10    ,20         ,200              ,0.046                   ,seconds
   10    ,20         ,250              ,0.06                   ,seconds
   10    ,20         ,300              ,0.07                   ,seconds
   10    ,20         ,350              ,0.082                   ,seconds
   10    ,20         ,400              ,0.093                   ,seconds
   10    ,20         ,450              ,0.105                   ,seconds
   10    ,20         ,500              ,0.117                   ,seconds
   10    ,20         ,550              ,0.128                   ,seconds
   10    ,20         ,600              ,0.139                   ,seconds
   10    ,20         ,650              ,0.152                   ,seconds
   10    ,20         ,700              ,0.164                   ,seconds
   10    ,20         ,750              ,0.176                   ,seconds
   10    ,20         ,800              ,0.187                   ,seconds
   10    ,20         ,850              ,0.2                   ,seconds
   10    ,20         ,900              ,0.211                   ,seconds
   10    ,20         ,950              ,0.223                   ,seconds
   10    ,20         ,1000              ,0.234                   ,seconds
   10    ,20         ,1050              ,0.245                   ,seconds
   10    ,20         ,1100              ,0.257                   ,seconds
   10    ,20         ,1150              ,0.269                   ,seconds
   10    ,20         ,1200              ,0.281                   ,seconds
   10    ,20         ,1250              ,0.292                   ,seconds
   10    ,20         ,1300              ,0.304                   ,seconds
   10    ,20         ,1350              ,0.316                   ,seconds
   10    ,20         ,1400              ,0.328                   ,seconds
   10    ,20         ,1450              ,0.339                   ,seconds
   10    ,20         ,1500              ,0.351                   ,seconds
   10    ,20         ,1550              ,0.363                   ,seconds
   10    ,20         ,1600              ,0.373                   ,seconds
   10    ,20         ,1650              ,0.386                   ,seconds
   10    ,20         ,1700              ,0.397                   ,seconds
   10    ,20         ,1750              ,0.409                   ,seconds
   10    ,20         ,1800              ,0.421                   ,seconds
   10    ,20         ,1850              ,0.433                   ,seconds
   10    ,20         ,1900              ,0.445                   ,seconds
   10    ,20         ,1950              ,0.457                   ,seconds
   10    ,20         ,2000              ,0.468                   ,seconds
   10    ,20         ,2050              ,0.48                   ,seconds
   10    ,20         ,2100              ,0.492                   ,seconds
   10    ,20         ,2150              ,0.502                   ,seconds
   10    ,20         ,2200              ,0.515                   ,seconds
   10    ,20         ,2250              ,0.529                   ,seconds
   10    ,20         ,2300              ,0.559                   ,seconds
   10    ,20         ,2350              ,0.574                   ,seconds
   10    ,20         ,2400              ,0.57                   ,seconds
   10    ,20         ,2450              ,0.589                   ,seconds
   10    ,20         ,2500              ,0.598                   ,seconds
   10    ,20         ,2550              ,0.603                   ,seconds
   10    ,20         ,2600              ,0.613                   ,seconds
   10    ,20         ,2650              ,0.63                   ,seconds
   10    ,20         ,2700              ,0.638                   ,seconds
   10    ,20         ,2750              ,0.645                   ,seconds
   10    ,20         ,2800              ,0.658                   ,seconds
   10    ,20         ,2850              ,0.669                   ,seconds
   10    ,20         ,2900              ,0.678                   ,seconds
   10    ,20         ,2950              ,0.693                   ,seconds
   10    ,20         ,3000              ,0.702                   ,seconds
   10    ,20         ,3050              ,0.716                   ,seconds
   10    ,20         ,3100              ,0.726                   ,seconds
   10    ,20         ,3150              ,0.736                   ,seconds
   10    ,20         ,3200              ,0.747                   ,seconds
   10    ,20         ,3250              ,0.762                   ,seconds
   10    ,20         ,3300              ,0.786                   ,seconds
   10    ,20         ,3350              ,0.786                   ,seconds
   10    ,20         ,3400              ,0.814                   ,seconds
   10    ,20         ,3450              ,0.817                   ,seconds
   10    ,20         ,3500              ,0.847                   ,seconds
   10    ,20         ,3550              ,0.849                   ,seconds
   10    ,20         ,3600              ,0.845                   ,seconds
   10    ,20         ,3650              ,0.908                   ,seconds
   10    ,20         ,3700              ,0.889                   ,seconds
   10    ,20         ,3750              ,0.91                   ,seconds
   10    ,20         ,3800              ,0.966                   ,seconds
   10    ,20         ,3850              ,0.97                   ,seconds
   10    ,20         ,3900              ,0.913                   ,seconds
   10    ,20         ,3950              ,0.922                   ,seconds
   10    ,20         ,4000              ,0.935                   ,seconds
   10    ,20         ,4050              ,0.946                   ,seconds
   10    ,20         ,4100              ,0.959                   ,seconds
   10    ,20         ,4150              ,0.972                   ,seconds
   10    ,20         ,4200              ,0.981                   ,seconds
   10    ,20         ,4250              ,0.993                   ,seconds
   10    ,20         ,4300              ,1.006                   ,seconds
   10    ,20         ,4350              ,1.016                   ,seconds
   10    ,20         ,4400              ,1.029                   ,seconds
   10    ,20         ,4450              ,1.04                   ,seconds
   10    ,20         ,4500              ,1.053                   ,seconds
   10    ,20         ,4550              ,1.063                   ,seconds
   10    ,20         ,4600              ,1.075                   ,seconds
   10    ,20         ,4650              ,1.085                   ,seconds
   10    ,20         ,4700              ,1.098                   ,seconds
   10    ,20         ,4750              ,1.111                   ,seconds
   10    ,20         ,4800              ,1.121                   ,seconds
   10    ,20         ,4850              ,1.134                   ,seconds
   10    ,20         ,4900              ,1.144                   ,seconds
   10    ,20         ,4950              ,1.184                   ,seconds
   10    ,20         ,5000              ,1.18                   ,seconds
   10    ,20         ,10000              ,2.361                   ,seconds
   10    ,20         ,15000              ,3.53                   ,seconds
   10    ,20         ,20000              ,4.739                   ,seconds
   10    ,20         ,25000              ,5.862                   ,seconds
   10    ,20         ,30000              ,7.007                   ,seconds
   20    ,20         ,5              ,0.005                   ,seconds
   20    ,20         ,10              ,0.01                   ,seconds
   20    ,20         ,15              ,0.016                   ,seconds
   20    ,20         ,20              ,0.021                   ,seconds
   20    ,20         ,25              ,0.026                   ,seconds
   20    ,20         ,30              ,0.031                   ,seconds
   20    ,20         ,35              ,0.035                   ,seconds
   20    ,20         ,40              ,0.041                   ,seconds
   20    ,20         ,45              ,0.045                   ,seconds
   20    ,20         ,50              ,0.05                   ,seconds
   20    ,20         ,100              ,0.101                   ,seconds
   20    ,20         ,150              ,0.151                   ,seconds
   20    ,20         ,200              ,0.204                   ,seconds
   20    ,20         ,250              ,0.253                   ,seconds
   20    ,20         ,300              ,0.305                   ,seconds
   20    ,20         ,350              ,0.356                   ,seconds
   20    ,20         ,400              ,0.409                   ,seconds
   20    ,20         ,450              ,0.457                   ,seconds
   20    ,20         ,500              ,0.51                   ,seconds
   20    ,20         ,550              ,0.559                   ,seconds
   20    ,20         ,600              ,0.61                   ,seconds
   20    ,20         ,650              ,0.673                   ,seconds
   20    ,20         ,700              ,0.724                   ,seconds
   20    ,20         ,750              ,0.771                   ,seconds
   20    ,20         ,800              ,0.824                   ,seconds
   20    ,20         ,850              ,0.865                   ,seconds
   20    ,20         ,900              ,0.912                   ,seconds
   20    ,20         ,950              ,0.967                   ,seconds
   20    ,20         ,1000              ,1.016                   ,seconds
   20    ,20         ,1050              ,1.066                   ,seconds
   20    ,20         ,1100              ,1.113                   ,seconds
   20    ,20         ,1150              ,1.165                   ,seconds
   20    ,20         ,1200              ,1.215                   ,seconds
   20    ,20         ,1250              ,1.267                   ,seconds
   20    ,20         ,1300              ,1.314                   ,seconds
   20    ,20         ,1350              ,1.368                   ,seconds
   20    ,20         ,1400              ,1.421                   ,seconds
   20    ,20         ,1450              ,1.469                   ,seconds
   20    ,20         ,1500              ,1.519                   ,seconds
   20    ,20         ,1550              ,1.568                   ,seconds
   20    ,20         ,1600              ,1.62                   ,seconds
   20    ,20         ,1650              ,1.672                   ,seconds
   20    ,20         ,1700              ,1.733                   ,seconds
   20    ,20         ,1750              ,1.772                   ,seconds
   20    ,20         ,1800              ,1.822                   ,seconds
   20    ,20         ,1850              ,1.89                   ,seconds
   20    ,20         ,1900              ,1.924                   ,seconds
   20    ,20         ,1950              ,1.972                   ,seconds
   20    ,20         ,2000              ,2.028                   ,seconds
   20    ,20         ,2050              ,2.078                   ,seconds
   20    ,20         ,2100              ,2.126                   ,seconds
   20    ,20         ,2150              ,2.211                   ,seconds
   20    ,20         ,2200              ,2.251                   ,seconds
   20    ,20         ,2250              ,2.591                   ,seconds
   20    ,20         ,2300              ,2.463                   ,seconds
   20    ,20         ,2350              ,2.422                   ,seconds
   20    ,20         ,2400              ,2.443                   ,seconds
   20    ,20         ,2450              ,2.481                   ,seconds
   20    ,20         ,2500              ,2.537                   ,seconds
   20    ,20         ,2550              ,2.586                   ,seconds
   20    ,20         ,2600              ,2.632                   ,seconds
   20    ,20         ,2650              ,2.712                   ,seconds
   20    ,20         ,2700              ,2.855                   ,seconds
   20    ,20         ,2750              ,2.862                   ,seconds
   20    ,20         ,2800              ,3.095                   ,seconds
   20    ,20         ,2850              ,2.925                   ,seconds
   20    ,20         ,2900              ,2.986                   ,seconds
   20    ,20         ,2950              ,3.012                   ,seconds
   20    ,20         ,3000              ,3.11                   ,seconds
   20    ,20         ,3050              ,3.146                   ,seconds
   20    ,20         ,3100              ,3.197                   ,seconds
   20    ,20         ,3150              ,3.331                   ,seconds
   20    ,20         ,3200              ,3.396                   ,seconds
   20    ,20         ,3250              ,3.292                   ,seconds
   20    ,20         ,3300              ,3.337                   ,seconds
   20    ,20         ,3350              ,3.385                   ,seconds
   20    ,20         ,3400              ,3.628                   ,seconds
   20    ,20         ,3450              ,3.624                   ,seconds
   20    ,20         ,3500              ,3.715                   ,seconds
   20    ,20         ,3550              ,3.641                   ,seconds
   20    ,20         ,3600              ,3.648                   ,seconds
   20    ,20         ,3650              ,3.694                   ,seconds
   20    ,20         ,3700              ,3.751                   ,seconds
   20    ,20         ,3750              ,3.806                   ,seconds
   20    ,20         ,3800              ,3.866                   ,seconds
   20    ,20         ,3850              ,3.891                   ,seconds
   20    ,20         ,3900              ,4.081                   ,seconds
   20    ,20         ,3950              ,4.093                   ,seconds
   20    ,20         ,4000              ,4.074                   ,seconds
   20    ,20         ,4050              ,4.637                   ,seconds
   20    ,20         ,4100              ,4.535                   ,seconds
   20    ,20         ,4150              ,4.635                   ,seconds
   20    ,20         ,4200              ,5.209                   ,seconds
   20    ,20         ,4250              ,5.089                   ,seconds
   20    ,20         ,4300              ,5.283                   ,seconds
   20    ,20         ,4350              ,5.386                   ,seconds
   20    ,20         ,4400              ,5.317                   ,seconds
   20    ,20         ,4450              ,5.386                   ,seconds
   20    ,20         ,4500              ,5.424                   ,seconds
   20    ,20         ,4550              ,5.577                   ,seconds
   20    ,20         ,4600              ,5.478                   ,seconds
   20    ,20         ,4650              ,5.538                   ,seconds
   20    ,20         ,4700              ,5.409                   ,seconds
   20    ,20         ,4750              ,4.809                   ,seconds
   20    ,20         ,4800              ,4.863                   ,seconds
   20    ,20         ,4850              ,4.905                   ,seconds
   20    ,20         ,4900              ,4.958                   ,seconds
   20    ,20         ,4950              ,5.007                   ,seconds
   20    ,20         ,5000              ,5.061                   ,seconds
   20    ,20         ,10000              ,10.124                   ,seconds
   20    ,20         ,15000              ,15.165                   ,seconds
   20    ,20         ,20000              ,20.214                   ,seconds
   20    ,20         ,25000              ,25.265                   ,seconds
   20    ,20         ,30000              ,30.323                   ,seconds
   30    ,20         ,5              ,0.009                   ,seconds
   30    ,20         ,10              ,0.018                   ,seconds
   30    ,20         ,15              ,0.028                   ,seconds
   30    ,20         ,20              ,0.037                   ,seconds
   30    ,20         ,25              ,0.046                   ,seconds
   30    ,20         ,30              ,0.055                   ,seconds
   30    ,20         ,35              ,0.064                   ,seconds
   30    ,20         ,40              ,0.073                   ,seconds
   30    ,20         ,45              ,0.083                   ,seconds
   30    ,20         ,50              ,0.094                   ,seconds
   30    ,20         ,100              ,0.183                   ,seconds
   30    ,20         ,150              ,0.276                   ,seconds
   30    ,20         ,200              ,0.366                   ,seconds
   30    ,20         ,250              ,0.459                   ,seconds
   30    ,20         ,300              ,0.552                   ,seconds
   30    ,20         ,350              ,0.641                   ,seconds
   30    ,20         ,400              ,0.733                   ,seconds
   30    ,20         ,450              ,0.824                   ,seconds
   30    ,20         ,500              ,0.916                   ,seconds
   30    ,20         ,550              ,1.007                   ,seconds
   30    ,20         ,600              ,1.1                   ,seconds
   30    ,20         ,650              ,1.19                   ,seconds
   30    ,20         ,700              ,1.284                   ,seconds
   30    ,20         ,750              ,1.376                   ,seconds
   30    ,20         ,800              ,1.466                   ,seconds
   30    ,20         ,850              ,1.558                   ,seconds
   30    ,20         ,900              ,1.648                   ,seconds
   30    ,20         ,950              ,1.741                   ,seconds
   30    ,20         ,1000              ,1.835                   ,seconds
   30    ,20         ,1050              ,1.924                   ,seconds
   30    ,20         ,1100              ,2.013                   ,seconds
   30    ,20         ,1150              ,2.109                   ,seconds
   30    ,20         ,1200              ,2.2                   ,seconds
   30    ,20         ,1250              ,2.292                   ,seconds
   30    ,20         ,1300              ,2.379                   ,seconds
   30    ,20         ,1350              ,2.472                   ,seconds
   30    ,20         ,1400              ,2.564                   ,seconds
   30    ,20         ,1450              ,2.659                   ,seconds
   30    ,20         ,1500              ,2.749                   ,seconds
   30    ,20         ,1550              ,2.841                   ,seconds
   30    ,20         ,1600              ,2.93                   ,seconds
   30    ,20         ,1650              ,3.024                   ,seconds
   30    ,20         ,1700              ,3.12                   ,seconds
   30    ,20         ,1750              ,3.208                   ,seconds
   30    ,20         ,1800              ,3.298                   ,seconds
   30    ,20         ,1850              ,3.391                   ,seconds
   30    ,20         ,1900              ,3.48                   ,seconds
   30    ,20         ,1950              ,3.571                   ,seconds
   30    ,20         ,2000              ,3.664                   ,seconds
   30    ,20         ,2050              ,3.757                   ,seconds
   30    ,20         ,2100              ,3.847                   ,seconds
   30    ,20         ,2150              ,3.94                   ,seconds
   30    ,20         ,2200              ,4.033                   ,seconds
   30    ,20         ,2250              ,4.123                   ,seconds
   30    ,20         ,2300              ,4.214                   ,seconds
   30    ,20         ,2350              ,4.304                   ,seconds
   30    ,20         ,2400              ,4.399                   ,seconds
   30    ,20         ,2450              ,4.485                   ,seconds
   30    ,20         ,2500              ,4.591                   ,seconds
   30    ,20         ,2550              ,4.669                   ,seconds
   30    ,20         ,2600              ,4.767                   ,seconds
   30    ,20         ,2650              ,4.853                   ,seconds
   30    ,20         ,2700              ,4.947                   ,seconds
   30    ,20         ,2750              ,5.04                   ,seconds
   30    ,20         ,2800              ,5.132                   ,seconds
   30    ,20         ,2850              ,5.219                   ,seconds
   30    ,20         ,2900              ,5.312                   ,seconds
   30    ,20         ,2950              ,5.409                   ,seconds
   30    ,20         ,3000              ,5.494                   ,seconds
   30    ,20         ,3050              ,5.591                   ,seconds
   30    ,20         ,3100              ,5.681                   ,seconds
   30    ,20         ,3150              ,5.773                   ,seconds
   30    ,20         ,3200              ,5.868                   ,seconds
   30    ,20         ,3250              ,5.956                   ,seconds
   30    ,20         ,3300              ,6.046                   ,seconds
   30    ,20         ,3350              ,6.138                   ,seconds
   30    ,20         ,3400              ,6.226                   ,seconds
   30    ,20         ,3450              ,6.318                   ,seconds
   30    ,20         ,3500              ,6.414                   ,seconds
   30    ,20         ,3550              ,6.514                   ,seconds
   30    ,20         ,3600              ,6.592                   ,seconds
   30    ,20         ,3650              ,6.685                   ,seconds
   30    ,20         ,3700              ,6.778                   ,seconds
   30    ,20         ,3750              ,6.867                   ,seconds
   30    ,20         ,3800              ,6.959                   ,seconds
   30    ,20         ,3850              ,7.067                   ,seconds
   30    ,20         ,3900              ,7.143                   ,seconds
   30    ,20         ,3950              ,7.239                   ,seconds
   30    ,20         ,4000              ,7.332                   ,seconds
   30    ,20         ,4050              ,7.421                   ,seconds
   30    ,20         ,4100              ,7.513                   ,seconds
   30    ,20         ,4150              ,7.605                   ,seconds
   30    ,20         ,4200              ,7.69                   ,seconds
   30    ,20         ,4250              ,7.782                   ,seconds
   30    ,20         ,4300              ,7.891                   ,seconds
   30    ,20         ,4350              ,7.969                   ,seconds
   30    ,20         ,4400              ,8.067                   ,seconds
   30    ,20         ,4450              ,8.148                   ,seconds
   30    ,20         ,4500              ,8.249                   ,seconds
   30    ,20         ,4550              ,8.334                   ,seconds
   30    ,20         ,4600              ,8.426                   ,seconds
   30    ,20         ,4650              ,8.518                   ,seconds
   30    ,20         ,4700              ,8.611                   ,seconds
   30    ,20         ,4750              ,8.709                   ,seconds
   30    ,20         ,4800              ,8.8                   ,seconds
   30    ,20         ,4850              ,8.882                   ,seconds
   30    ,20         ,4900              ,8.976                   ,seconds
   30    ,20         ,4950              ,9.066                   ,seconds
   30    ,20         ,5000              ,9.169                   ,seconds
   30    ,20         ,10000              ,18.321                   ,seconds
   30    ,20         ,15000              ,27.477                   ,seconds
   30    ,20         ,20000              ,36.649                   ,seconds
   30    ,20         ,25000              ,45.805                   ,seconds
   30    ,20         ,30000              ,54.947                   ,seconds
   40    ,20         ,5              ,0.015                   ,seconds
   40    ,20         ,10              ,0.029                   ,seconds
   40    ,20         ,15              ,0.043                   ,seconds
   40    ,20         ,20              ,0.057                   ,seconds
   40    ,20         ,25              ,0.072                   ,seconds
   40    ,20         ,30              ,0.087                   ,seconds
   40    ,20         ,35              ,0.1                   ,seconds
   40    ,20         ,40              ,0.114                   ,seconds
   40    ,20         ,45              ,0.127                   ,seconds
   40    ,20         ,50              ,0.142                   ,seconds
   40    ,20         ,100              ,0.289                   ,seconds
   40    ,20         ,150              ,0.429                   ,seconds
   40    ,20         ,200              ,0.57                   ,seconds
   40    ,20         ,250              ,0.714                   ,seconds
   40    ,20         ,300              ,0.855                   ,seconds
   40    ,20         ,350              ,1.001                   ,seconds
   40    ,20         ,400              ,1.143                   ,seconds
   40    ,20         ,450              ,1.283                   ,seconds
   40    ,20         ,500              ,1.428                   ,seconds
   40    ,20         ,550              ,1.571                   ,seconds
   40    ,20         ,600              ,1.715                   ,seconds
   40    ,20         ,650              ,1.854                   ,seconds
   40    ,20         ,700              ,1.998                   ,seconds
   40    ,20         ,750              ,2.14                   ,seconds
   40    ,20         ,800              ,2.282                   ,seconds
   40    ,20         ,850              ,2.427                   ,seconds
   40    ,20         ,900              ,2.57                   ,seconds
   40    ,20         ,950              ,2.711                   ,seconds
   40    ,20         ,1000              ,2.853                   ,seconds
   40    ,20         ,1050              ,2.996                   ,seconds
   40    ,20         ,1100              ,3.144                   ,seconds
   40    ,20         ,1150              ,3.284                   ,seconds
   40    ,20         ,1200              ,3.426                   ,seconds
   40    ,20         ,1250              ,3.566                   ,seconds
   40    ,20         ,1300              ,3.706                   ,seconds
   40    ,20         ,1350              ,3.854                   ,seconds
   40    ,20         ,1400              ,3.994                   ,seconds
   40    ,20         ,1450              ,4.14                   ,seconds
   40    ,20         ,1500              ,4.284                   ,seconds
   40    ,20         ,1550              ,4.425                   ,seconds
   40    ,20         ,1600              ,4.566                   ,seconds
   40    ,20         ,1650              ,4.706                   ,seconds
   40    ,20         ,1700              ,4.85                   ,seconds
   40    ,20         ,1750              ,4.993                   ,seconds
   40    ,20         ,1800              ,5.141                   ,seconds
   40    ,20         ,1850              ,5.28                   ,seconds
   40    ,20         ,1900              ,5.421                   ,seconds
   40    ,20         ,1950              ,5.559                   ,seconds
   40    ,20         ,2000              ,5.71                   ,seconds
   40    ,20         ,2050              ,5.85                   ,seconds
   40    ,20         ,2100              ,5.999                   ,seconds
   40    ,20         ,2150              ,6.135                   ,seconds
   40    ,20         ,2200              ,6.276                   ,seconds
   40    ,20         ,2250              ,6.423                   ,seconds
   40    ,20         ,2300              ,6.565                   ,seconds
   40    ,20         ,2350              ,6.709                   ,seconds
   40    ,20         ,2400              ,6.848                   ,seconds
   40    ,20         ,2450              ,6.989                   ,seconds
   40    ,20         ,2500              ,7.132                   ,seconds
   40    ,20         ,2550              ,7.272                   ,seconds
   40    ,20         ,2600              ,7.415                   ,seconds
   40    ,20         ,2650              ,7.56                   ,seconds
   40    ,20         ,2700              ,7.702                   ,seconds
   40    ,20         ,2750              ,7.854                   ,seconds
   40    ,20         ,2800              ,7.988                   ,seconds
   40    ,20         ,2850              ,8.129                   ,seconds
   40    ,20         ,2900              ,8.276                   ,seconds
   40    ,20         ,2950              ,8.414                   ,seconds
   40    ,20         ,3000              ,8.559                   ,seconds
   40    ,20         ,3050              ,8.703                   ,seconds
   40    ,20         ,3100              ,8.854                   ,seconds
   40    ,20         ,3150              ,8.989                   ,seconds
   40    ,20         ,3200              ,9.126                   ,seconds
   40    ,20         ,3250              ,9.269                   ,seconds
   40    ,20         ,3300              ,9.417                   ,seconds
   40    ,20         ,3350              ,9.556                   ,seconds
   40    ,20         ,3400              ,9.707                   ,seconds
   40    ,20         ,3450              ,9.84                   ,seconds
   40    ,20         ,3500              ,9.978                   ,seconds
   40    ,20         ,3550              ,10.13                   ,seconds
   40    ,20         ,3600              ,10.268                   ,seconds
   40    ,20         ,3650              ,10.41                   ,seconds
   40    ,20         ,3700              ,10.566                   ,seconds
   40    ,20         ,3750              ,10.693                   ,seconds
   40    ,20         ,3800              ,10.844                   ,seconds
   40    ,20         ,3850              ,10.982                   ,seconds
   40    ,20         ,3900              ,11.122                   ,seconds
   40    ,20         ,3950              ,11.268                   ,seconds
   40    ,20         ,4000              ,11.413                   ,seconds
   40    ,20         ,4050              ,11.554                   ,seconds
   40    ,20         ,4100              ,11.696                   ,seconds
   40    ,20         ,4150              ,11.837                   ,seconds
   40    ,20         ,4200              ,11.976                   ,seconds
   40    ,20         ,4250              ,12.136                   ,seconds
   40    ,20         ,4300              ,12.264                   ,seconds
   40    ,20         ,4350              ,12.409                   ,seconds
   40    ,20         ,4400              ,12.554                   ,seconds
   40    ,20         ,4450              ,12.713                   ,seconds
   40    ,20         ,4500              ,12.855                   ,seconds
   40    ,20         ,4550              ,12.983                   ,seconds
   40    ,20         ,4600              ,13.123                   ,seconds
   40    ,20         ,4650              ,13.267                   ,seconds
   40    ,20         ,4700              ,13.414                   ,seconds
   40    ,20         ,4750              ,13.549                   ,seconds
   40    ,20         ,4800              ,13.697                   ,seconds
   40    ,20         ,4850              ,13.84                   ,seconds
   40    ,20         ,4900              ,13.974                   ,seconds
   40    ,20         ,4950              ,14.131                   ,seconds
   40    ,20         ,5000              ,14.26                   ,seconds
   40    ,20         ,10000              ,28.526                   ,seconds
   40    ,20         ,15000              ,42.863                   ,seconds
   40    ,20         ,20000              ,57.051                   ,seconds
   40    ,20         ,25000              ,71.308                   ,seconds
   40    ,20         ,30000              ,85.567                   ,seconds
   50    ,20         ,5              ,0.021                   ,seconds
   50    ,20         ,10              ,0.041                   ,seconds
   50    ,20         ,15              ,0.061                   ,seconds
   50    ,20         ,20              ,0.082                   ,seconds
   50    ,20         ,25              ,0.103                   ,seconds
   50    ,20         ,30              ,0.122                   ,seconds
   50    ,20         ,35              ,0.142                   ,seconds
   50    ,20         ,40              ,0.163                   ,seconds
   50    ,20         ,45              ,0.183                   ,seconds
   50    ,20         ,50              ,0.205                   ,seconds
   50    ,20         ,100              ,0.408                   ,seconds
   50    ,20         ,150              ,0.612                   ,seconds
   50    ,20         ,200              ,0.816                   ,seconds
   50    ,20         ,250              ,1.02                   ,seconds
   50    ,20         ,300              ,1.225                   ,seconds
   50    ,20         ,350              ,1.428                   ,seconds
   50    ,20         ,400              ,1.634                   ,seconds
   50    ,20         ,450              ,1.835                   ,seconds
   50    ,20         ,500              ,2.041                   ,seconds
   50    ,20         ,550              ,2.252                   ,seconds
   50    ,20         ,600              ,2.448                   ,seconds
   50    ,20         ,650              ,2.651                   ,seconds
   50    ,20         ,700              ,2.854                   ,seconds
   50    ,20         ,750              ,3.057                   ,seconds
   50    ,20         ,800              ,3.261                   ,seconds
   50    ,20         ,850              ,3.465                   ,seconds
   50    ,20         ,900              ,3.669                   ,seconds
   50    ,20         ,950              ,3.877                   ,seconds
   50    ,20         ,1000              ,4.079                   ,seconds
   50    ,20         ,1050              ,4.28                   ,seconds
   50    ,20         ,1100              ,4.486                   ,seconds
   50    ,20         ,1150              ,4.688                   ,seconds
   50    ,20         ,1200              ,4.892                   ,seconds
   50    ,20         ,1250              ,5.099                   ,seconds
   50    ,20         ,1300              ,5.308                   ,seconds
   50    ,20         ,1350              ,5.511                   ,seconds
   50    ,20         ,1400              ,5.712                   ,seconds
   50    ,20         ,1450              ,5.916                   ,seconds
   50    ,20         ,1500              ,6.115                   ,seconds
   50    ,20         ,1550              ,6.32                   ,seconds
   50    ,20         ,1600              ,6.528                   ,seconds
   50    ,20         ,1650              ,6.731                   ,seconds
   50    ,20         ,1700              ,6.934                   ,seconds
   50    ,20         ,1750              ,7.136                   ,seconds
   50    ,20         ,1800              ,7.345                   ,seconds
   50    ,20         ,1850              ,7.547                   ,seconds
   50    ,20         ,1900              ,7.75                   ,seconds
   50    ,20         ,1950              ,7.952                   ,seconds
   50    ,20         ,2000              ,8.15                   ,seconds
   50    ,20         ,2050              ,8.357                   ,seconds
   50    ,20         ,2100              ,8.561                   ,seconds
   50    ,20         ,2150              ,8.769                   ,seconds
   50    ,20         ,2200              ,8.97                   ,seconds
   50    ,20         ,2250              ,9.171                   ,seconds
   50    ,20         ,2300              ,9.375                   ,seconds
   50    ,20         ,2350              ,9.581                   ,seconds
   50    ,20         ,2400              ,9.784                   ,seconds
   50    ,20         ,2450              ,9.989                   ,seconds
   50    ,20         ,2500              ,10.205                   ,seconds
   50    ,20         ,2550              ,10.398                   ,seconds
   50    ,20         ,2600              ,10.605                   ,seconds
   50    ,20         ,2650              ,10.804                   ,seconds
   50    ,20         ,2700              ,11.006                   ,seconds
   50    ,20         ,2750              ,11.22                   ,seconds
   50    ,20         ,2800              ,11.412                   ,seconds
   50    ,20         ,2850              ,11.617                   ,seconds
   50    ,20         ,2900              ,11.821                   ,seconds
   50    ,20         ,2950              ,12.028                   ,seconds
   50    ,20         ,3000              ,12.238                   ,seconds
   50    ,20         ,3050              ,12.436                   ,seconds
   50    ,20         ,3100              ,12.641                   ,seconds
   50    ,20         ,3150              ,12.842                   ,seconds
   50    ,20         ,3200              ,13.05                   ,seconds
   50    ,20         ,3250              ,13.255                   ,seconds
   50    ,20         ,3300              ,13.453                   ,seconds
   50    ,20         ,3350              ,13.661                   ,seconds
   50    ,20         ,3400              ,13.874                   ,seconds
   50    ,20         ,3450              ,14.086                   ,seconds
   50    ,20         ,3500              ,14.295                   ,seconds
   50    ,20         ,3550              ,14.489                   ,seconds
   50    ,20         ,3600              ,14.69                   ,seconds
   50    ,20         ,3650              ,14.896                   ,seconds
   50    ,20         ,3700              ,15.098                   ,seconds
   50    ,20         ,3750              ,15.304                   ,seconds
   50    ,20         ,3800              ,15.498                   ,seconds
   50    ,20         ,3850              ,15.736                   ,seconds
   50    ,20         ,3900              ,15.915                   ,seconds
   50    ,20         ,3950              ,16.124                   ,seconds
   50    ,20         ,4000              ,16.319                   ,seconds
   50    ,20         ,4050              ,16.534                   ,seconds
   50    ,20         ,4100              ,16.731                   ,seconds
   50    ,20         ,4150              ,16.933                   ,seconds
   50    ,20         ,4200              ,17.134                   ,seconds
   50    ,20         ,4250              ,17.352                   ,seconds
   50    ,20         ,4300              ,17.546                   ,seconds
   50    ,20         ,4350              ,17.752                   ,seconds
   50    ,20         ,4400              ,17.963                   ,seconds
   50    ,20         ,4450              ,18.161                   ,seconds
   50    ,20         ,4500              ,18.362                   ,seconds
   50    ,20         ,4550              ,18.575                   ,seconds
   50    ,20         ,4600              ,18.773                   ,seconds
   50    ,20         ,4650              ,18.974                   ,seconds
   50    ,20         ,4700              ,19.181                   ,seconds
   50    ,20         ,4750              ,19.387                   ,seconds
   50    ,20         ,4800              ,19.588                   ,seconds
   50    ,20         ,4850              ,19.796                   ,seconds
   50    ,20         ,4900              ,20.011                   ,seconds
   50    ,20         ,4950              ,20.202                   ,seconds
   50    ,20         ,5000              ,20.403                   ,seconds
   50    ,20         ,10000              ,40.82                   ,seconds
   50    ,20         ,15000              ,61.232                   ,seconds
   50    ,20         ,20000              ,81.637                   ,seconds
   50    ,20         ,25000              ,102.043                   ,seconds
   50    ,20         ,30000              ,122.461                   ,seconds
   60    ,20         ,5              ,0.028                   ,seconds
   60    ,20         ,10              ,0.056                   ,seconds
   60    ,20         ,15              ,0.083                   ,seconds
   60    ,20         ,20              ,0.11                   ,seconds
   60    ,20         ,25              ,0.138                   ,seconds
   60    ,20         ,30              ,0.165                   ,seconds
   60    ,20         ,35              ,0.193                   ,seconds
   60    ,20         ,40              ,0.221                   ,seconds
   60    ,20         ,45              ,0.248                   ,seconds
   60    ,20         ,50              ,0.276                   ,seconds
   60    ,20         ,100              ,0.553                   ,seconds
   60    ,20         ,150              ,0.827                   ,seconds
   60    ,20         ,200              ,1.104                   ,seconds
   60    ,20         ,250              ,1.379                   ,seconds
   60    ,20         ,300              ,1.654                   ,seconds
   60    ,20         ,350              ,1.929                   ,seconds
   60    ,20         ,400              ,2.204                   ,seconds
   60    ,20         ,450              ,2.481                   ,seconds
   60    ,20         ,500              ,2.756                   ,seconds
   60    ,20         ,550              ,3.031                   ,seconds
   60    ,20         ,600              ,3.31                   ,seconds
   60    ,20         ,650              ,3.587                   ,seconds
   60    ,20         ,700              ,3.88                   ,seconds
   60    ,20         ,750              ,4.135                   ,seconds
   60    ,20         ,800              ,4.412                   ,seconds
   60    ,20         ,850              ,4.684                   ,seconds
   60    ,20         ,900              ,4.96                   ,seconds
   60    ,20         ,950              ,5.237                   ,seconds
   60    ,20         ,1000              ,5.513                   ,seconds
   60    ,20         ,1050              ,5.789                   ,seconds
   60    ,20         ,1100              ,6.063                   ,seconds
   60    ,20         ,1150              ,6.345                   ,seconds
   60    ,20         ,1200              ,6.614                   ,seconds
   60    ,20         ,1250              ,6.899                   ,seconds
   60    ,20         ,1300              ,7.165                   ,seconds
   60    ,20         ,1350              ,7.442                   ,seconds
   60    ,20         ,1400              ,7.719                   ,seconds
   60    ,20         ,1450              ,7.994                   ,seconds
   60    ,20         ,1500              ,8.282                   ,seconds
   60    ,20         ,1550              ,8.545                   ,seconds
   60    ,20         ,1600              ,8.823                   ,seconds
   60    ,20         ,1650              ,9.104                   ,seconds
   60    ,20         ,1700              ,9.37                   ,seconds
   60    ,20         ,1750              ,9.645                   ,seconds
   60    ,20         ,1800              ,9.92                   ,seconds
   60    ,20         ,1850              ,10.195                   ,seconds
   60    ,20         ,1900              ,10.47                   ,seconds
   60    ,20         ,1950              ,10.758                   ,seconds
   60    ,20         ,2000              ,11.027                   ,seconds
   60    ,20         ,2050              ,11.297                   ,seconds
   60    ,20         ,2100              ,11.577                   ,seconds
   60    ,20         ,2150              ,11.846                   ,seconds
   60    ,20         ,2200              ,12.137                   ,seconds
   60    ,20         ,2250              ,12.411                   ,seconds
   60    ,20         ,2300              ,12.679                   ,seconds
   60    ,20         ,2350              ,12.952                   ,seconds
   60    ,20         ,2400              ,13.225                   ,seconds
   60    ,20         ,2450              ,13.511                   ,seconds
   60    ,20         ,2500              ,13.778                   ,seconds
   60    ,20         ,2550              ,14.049                   ,seconds
   60    ,20         ,2600              ,14.326                   ,seconds
   60    ,20         ,2650              ,14.617                   ,seconds
   60    ,20         ,2700              ,14.883                   ,seconds
   60    ,20         ,2750              ,15.161                   ,seconds
   60    ,20         ,2800              ,15.434                   ,seconds
   60    ,20         ,2850              ,15.712                   ,seconds
   60    ,20         ,2900              ,15.987                   ,seconds
   60    ,20         ,2950              ,16.26                   ,seconds
   60    ,20         ,3000              ,16.541                   ,seconds
   60    ,20         ,3050              ,16.82                   ,seconds
   60    ,20         ,3100              ,17.082                   ,seconds
   60    ,20         ,3150              ,17.363                   ,seconds
   60    ,20         ,3200              ,17.645                   ,seconds
   60    ,20         ,3250              ,17.912                   ,seconds
   60    ,20         ,3300              ,18.189                   ,seconds
   60    ,20         ,3350              ,18.469                   ,seconds
   60    ,20         ,3400              ,18.744                   ,seconds
   60    ,20         ,3450              ,19.012                   ,seconds
   60    ,20         ,3500              ,19.297                   ,seconds
   60    ,20         ,3550              ,19.577                   ,seconds
   60    ,20         ,3600              ,19.842                   ,seconds
   60    ,20         ,3650              ,20.123                   ,seconds
   60    ,20         ,3700              ,20.402                   ,seconds
   60    ,20         ,3750              ,20.669                   ,seconds
   60    ,20         ,3800              ,20.951                   ,seconds
   60    ,20         ,3850              ,21.231                   ,seconds
   60    ,20         ,3900              ,21.502                   ,seconds
   60    ,20         ,3950              ,21.785                   ,seconds
   60    ,20         ,4000              ,22.047                   ,seconds
   60    ,20         ,4050              ,22.32                   ,seconds
   60    ,20         ,4100              ,22.61                   ,seconds
   60    ,20         ,4150              ,22.876                   ,seconds
   60    ,20         ,4200              ,23.144                   ,seconds
   60    ,20         ,4250              ,23.438                   ,seconds
   60    ,20         ,4300              ,23.701                   ,seconds
   60    ,20         ,4350              ,23.985                   ,seconds
   60    ,20         ,4400              ,24.249                   ,seconds
   60    ,20         ,4450              ,24.528                   ,seconds
   60    ,20         ,4500              ,24.808                   ,seconds
   60    ,20         ,4550              ,25.075                   ,seconds
   60    ,20         ,4600              ,25.36                   ,seconds
   60    ,20         ,4650              ,25.634                   ,seconds
   60    ,20         ,4700              ,25.909                   ,seconds
   60    ,20         ,4750              ,26.167                   ,seconds
   60    ,20         ,4800              ,26.451                   ,seconds
   60    ,20         ,4850              ,26.732                   ,seconds
   60    ,20         ,4900              ,27.01                   ,seconds
   60    ,20         ,4950              ,27.282                   ,seconds
   60    ,20         ,5000              ,27.548                   ,seconds
   60    ,20         ,10000              ,55.111                   ,seconds
   60    ,20         ,15000              ,82.688                   ,seconds
   60    ,20         ,20000              ,110.229                   ,seconds
   60    ,20         ,25000              ,137.811                   ,seconds
   60    ,20         ,30000              ,165.36                   ,seconds
