C2H7NO               CHEMBL104943         Monoethanolamine    
0 0.825 0.825025 0 0.825 0 0 0 0.825025 0 0 0.825 0 0 0.825 0 
C2H5FO               CHEMBL115586         2-Fluoro-Ethanol    
0 0 0.823294 0 0 0 0 0.823294 0.823294 0 0 0.825 0 0.823294 0.825 0 
C2H2F2               CHEMBL116020         1,1-Difluoro-Ethene 
0 0.825 0.830487 0.823294 0.825 0 0 0 0.830487 0 0 0 0.823294 0 0 0 
CHClF2               CHEMBL116155         Chloro-Difluoro-Methane
0 0.823294 0.830487 0.825 0.823294 0 0 0 0.830487 0 0 0 0.825 0 0 0 
CHCl2F               CHEMBL116813         Dichloro-fluoro-methane
0 0.823294 0.830487 0.825 0.823294 0 0 0 0.830487 0 0 0 0.825 0 0 0 
C3H9N                CHEMBL117080         Isopropylamine      
0 0.826931 0 0 0.826931 0 0.825 0.823294 0 0.825 0 0 0 0.823294 0 0 
C4H8                 CHEMBL117210         1-Butene            
0 0.823294 0.823294 0 0.823294 0 0 0 0.823294 0 0 0.826931 0 0 0.826931 0 
C4H6                 CHEMBL119108         But-2-yne           
0 0.823294 0.823294 0 0.823294 0 0 0.825403 0.823294 0 0 0 0 0.825403 0 0 
CH3NO2               CHEMBL125278         Carbamic            
0 0.825025 0 0 0.825025 0 0.825025 0.825 0 0.825025 0 0 0 0.825 0 0 
C4H10                CHEMBL134702         E943a               
0 0.825 0 0 0.825 0 0.824889 0 0 0.824889 0 0.825 0 0 0.825 0 
HNO3                 CHEMBL1352           Nitric              
0 0.832581 0.825406 0.8208 0.832581 0 0 0 0.825406 0 0 0 0.8208 0 0 0 
C3H6O                CHEMBL14253          Acetone             
0 0.825025 0.825025 0.825 0.825025 0 0 0 0.825025 0 0 0 0.825 0 0 0 
C3H9N                CHEMBL14409          Propylamine         
0 0.824867 0 0 0.824867 0 0.823627 0 0 0.823627 0 0.826698 0 0 0.826698 0 
C3H8O                CHEMBL14687          Propanol            
0 0.825 0 0 0.825 0 0.824939 0 0 0.824939 0 0.825 0 0 0.825 0 
C2H2Cl2              CHEMBL156455         1,1-Dichloro-Ethene 
0 0.6 0.601026 0.597477 0.6 0 0 0 0.601026 0 0 0 0.597477 0 0 0 
C3H7Cl               CHEMBL15697          1-Chloro-Propane    
0 0.830487 0 0 0.830487 0 0.823294 0 0 0.823294 0 0.823294 0 0 0.823294 0 
C2H2Cl2              CHEMBL157026         Trans-1,2-Dichloroethylene
0 0.6 0 0.597477 0.6 0 0.601026 0 0 0.601026 0 0 0.597477 0 0 0 
CHBr2Cl              CHEMBL157093         Dibromo-Chloro-Methane
0 0.601027 0.597477 0.6 0.601027 0 0 0 0.597477 0 0 0 0.6 0 0 0 
C3H5N                CHEMBL15871          Propionitrile       
0 0.82501 0 0 0.82501 0 0.833341 0 0 0.833341 0 0.825406 0 0 0.825406 0 
C2H4BrCl             CHEMBL160255                             
0 0 0 0.597477 0 0 0.597477 0 0 0.597477 0 0.601027 0.597477 0 0.601027 0 
C2H5NO               CHEMBL16081          Acetamide           
0 0.825025 0.825025 0.825 0.825025 0 0 0 0.825025 0 0 0 0.825 0 0 0 
C2H8N2               CHEMBL162921                             
0 0.824939 0.825 0 0.824939 0 0 0.825 0.825 0 0 0 0 0.825 0 0 
C2H4Cl2              CHEMBL16370          1,2-Dichloroethane  
0 0.825 0 0 0.825 0 0.824889 0 0 0.824889 0 0.825 0 0 0.825 0 
CHNaO2               CHEMBL183491         E237                
0 0.825019 0.825023 0 0.825019 0 0 0 0.825023 0 0 0 0 0 0 0 
C3H6O                CHEMBL275626         Propionaldehyde     
0 0.825 0.824939 0 0.825 0 0 0 0.824939 0 0 0.825 0 0 0.825 0 
CH3NO2               CHEMBL276924         Nitromethane        
0 0.825009 0.825055 0.824932 0.825009 0 0 0 0.825055 0 0 0 0.824932 0 0 0 
C2H4O2               CHEMBL295026         Formic              
0 0.6 0.604669 0 0.6 0 0 0 0.604669 0 0 0.601027 0 0 0.601027 0 
C2H5NO               CHEMBL296723         Amino-Acetaldehyde  
0 0.825 0 0 0.825 0 0.825025 0 0 0.825025 0 0.825 0 0 0.825 0 
C2H4F2               CHEMBL325493         1,1-Difluoro-Ethane 
0 0.823294 0.825 0.823294 0.823294 0 0 0 0.825 0 0 0 0.823294 0 0 0 
CHBr3                CHEMBL345248         Bromoform           
0 0.824939 0.825025 0.825 0.824939 0 0 0 0.825025 0 0 0 0.825 0 0 0 
CHBrCl2              CHEMBL346231         Bromodichloromethane
0 0.601027 0.597477 0.6 0.601027 0 0 0 0.597477 0 0 0 0.6 0 0 0 
C2H5NS               CHEMBL38737          Thioacetamide       
0 0.601447 0.602092 0.598772 0.601447 0 0 0 0.602092 0 0 0 0.598772 0 0 0 
BH3O3                CHEMBL42403          E284                
0 0.825025 0.825025 0.825 0.825025 0 0 0 0.825025 0 0 0 0.825 0 0 0 
C3H9N                CHEMBL439723         Trimethylammonium   
0 0 0 0.825025 0 0 0 0.825025 0 0 0 0.825 0.825025 0.825025 0.825 0 
C3H3N                CHEMBL445612         Acrylonitrile       
0 0.597477 0 0 0.597477 0 0.604669 0 0 0.604669 0 0.6 0 0 0.6 0 
CHCl3                CHEMBL44618          Chloroform          
0 0.824939 0.825025 0.825 0.824939 0 0 0 0.825025 0 0 0 0.825 0 0 0 
C2H4Cl2              CHEMBL45079          1,1-Dichloro-Ethane 
0 0.601026 0.597477 0.6 0.601026 0 0 0 0.597477 0 0 0 0.6 0 0 0 
C2H6OS               CHEMBL504            Domoso              
0 0.829704 0.829756 0.829804 0.829704 0 0 0 0.829756 0 0 0 0.829804 0 0 0 
C2H4O2               CHEMBL539            Acetic              
0 0.71388 0.712695 0.708627 0.71388 0 0 0 0.712695 0 0 0 0.708627 0 0 0 
C3H7N                CHEMBL57286          Allylamine          
0 0.825 0.825025 0 0.825 0 0 0 0.825025 0 0 0.825 0 0 0.825 0 
C3H8O                CHEMBL582            2-Propanol          
0 0.824939 0 0 0.824939 0 0.825025 0.825 0 0.825025 0 0 0 0.825 0 0 
C2H7NS               CHEMBL602            Cystagon            
0 0 1.57509 0 0 0 0 1.1792 1.57509 0 0 1.52874 0 1.1792 1.52874 0 
C3H4O                CHEMBL721            Aerolein            
0 0.825025 0 0 0.825025 0 0.824939 0 0 0.824939 0 0.825025 0 0 0.825025 0 
C3H2O                CHEMBL722            Propiolaldehyde     
0 0.6 0.6 0 0.6 0 0 0 0.6 0 0 0.601026 0 0 0.601026 0 
C2H8N2               CHEMBL816            Ethylenediamine     
0 0.825025 0 0.824939 0.825025 0 0.825025 0 0 0.825025 0 0 0.824939 0 0 0 
CH5N3                CHEMBL821            Guanidine           
0 0 0 0.8174 0 0 0 0.842862 0 0 0 0.813688 0.8174 0.842862 0.813688 0 
N3Na                 CHEMBL89295          Sodium              
0 0 0 0 0 0 0.825 0 0 0.825 0 0.825 0 0 0.825 0 
C2H5NO               CHEMBL9240           N-(Trideuteriomethyl)Formamide
0 0.825 0.823294 0 0.825 0 0 0 0.823294 0 0 0.825 0 0 0.825 0 
NNaO2                CHEMBL93268          Sodium              
0 0.823294 0.825 0 0.823294 0 0 0 0.825 0 0 0 0 0 0 0 
CH4N2O               CHEMBL985            Urea                
0 0 0 0.825112 0 0 0 0.825025 0 0 0 0.8249 0.825112 0.825025 0.8249 0 
