C5H12N2              CHEMBL1011           Methylpiperazine    
0 0 0.825 0.823294 0.825406 0 0 0 0 0 0 0 0.825011 0.830487 0.825 0 0 0 0 0 0.816122 0.823294 0 0 0 0 0.826931 0 0.825406 0 0 0 0 0 0 0 0.825011 0 0.826931 0 0 0 0 0.830487 0.816122 0 0 0 0 
C3H8N2O2             CHEMBL103247         D-2,3-Diaminopropionic
0 0.825 0 0 0 0 0 0.825 0 0.825025 0 0.825025 0 0 0 0.825025 0 0.824939 0 0 0 0 0 0.824939 0 0 0 0 0 0.825025 0 0 0 0.824939 0.825 0 0 0 0 0.824939 0 0 0 0 0 0 0.825 0 0 
C4H8N2O              CHEMBL105823                             
0 0.827803 0.822534 0.825 0 0 0 0.827803 0 0 0 0.82623 0 0 0.822534 0 0 0 0 0.830098 0 0.825 0 0 0 0 0 0 0 0.82623 0 0 0 0.825042 0.822534 0 0 0.830098 0 0.825042 0 0 0 0 0 0 0.822534 0 0 
2Na.HO4P             CHEMBL1060           Sodium              
0 0.608453 0.602278 0.599375 0.606347 0 0 0.608453 0 0 0 0 0 0 0.602278 0 0 0 0 0 0 0.599375 0 0 0 0 0 0 0.606347 0 0 0 0 0 0 0 0 0 0 0 0 0 0 0 0 0 0 0 0 
C4H7NO2              CHEMBL10689                              
0 0.825 0 0.825 0 0.813173 0 0.825 0 0.825 0 0.816148 0 0 0 0.825 0 0.825 0 0 0 0.825 0 0.825 0 0 0 0 0 0.816148 0 0 0 0 0 0.813173 0 0 0 0 0 0.815667 0 0 0 0 0 0.815667 0 
C4H8N2O              CHEMBL107413                             
0 0.827803 0.822534 0.825 0 0 0 0.827803 0 0 0 0.82623 0 0 0.822534 0 0 0 0 0.830098 0 0.825 0 0 0 0 0 0 0 0.82623 0 0 0 0.825042 0 0 0 0.830098 0 0.825042 0 0.823449 0 0 0 0 0 0.823449 0 
C6H8O                CHEMBL108232         2,3-Dimethyl-Furan  
0 0.827511 0.825921 0 0 0.827511 0 0.827511 0 0 0 0.825 0 0.822534 0.825921 0 0 0.822534 0 0 0 0 0 0.822534 0 0.82623 0 0 0 0.825 0 0.82623 0 0 0 0.827511 0 0 0 0 0 0 0 0.822534 0 0 0 0 0 
C3H7NO2Se            CHEMBL109962                             
0 0.825 0 0 0 0 0 0.825 0 0.825025 0 0.825025 0 0 0 0.825025 0 0.825025 0 0 0 0 0 0.825025 0 0 0 0 0 0.825025 0 0 0 0.824939 0.825 0 0 0 0 0.824939 0 0 0 0 0 0 0.825 0 0 
C3H10NO2P            CHEMBL112203         CGP-27492           
0 0.824946 0 0.82502 0 0 0 0.824946 0 0.82497 0 0 0 0 0 0.82497 0 0 0 0 0 0.82502 0 0 0 0.825169 0 0 0 0 0 0.825169 0 0.82502 0.824901 0 0 0 0 0.82502 0 0 0 0 0 0 0.824901 0 0 
C3H7NO3              CHEMBL11298          Serine              
0 0.825 0 0 0 0 0 0.825 0 0.825025 0 0.825025 0 0 0 0.825025 0 0.824939 0 0 0.825 0 0 0.824939 0 0 0 0 0 0.825025 0 0 0 0.824939 0 0 0 0 0 0.824939 0 0 0 0 0.825 0 0 0 0 
C3H8NO2P             CHEMBL113217                             
0 0.823294 0 0.825 0.8167 0 0 0.823294 0 0.823293 0 0 0 0 0 0.823293 0 0 0 0 0.823293 0.825 0 0 0 0 0 0 0.8167 0 0 0 0 0 0 0 0 0 0 0 0 0.826932 0 0 0.823293 0 0 0.826932 0 
C3H8O.CH2Cl2         CHEMBL113646                             
0 0.823294 0.823294 0 0 0 0 0.823294 0 0 0 0 0 0 0.823294 0 0 0 0 0 0 0 0 0 0 0.823294 0 0 0 0 0 0.823294 0 0.826931 0.825 0 0 0 0 0.826931 0 0 0 0 0 0 0.825 0 0 
C5H8O2               CHEMBL114492                             
0 0.601026 0.6 0 0.597477 0 0 0.601026 0 0 0.597477 0 0 0 0.6 0 0 0 0 0 0 0 0.597477 0 0 0 0.6 0 0.597477 0 0 0 0 0 0 0 0 0 0.6 0 0 0.601026 0 0 0 0 0 0.601026 0 
Na2O4Se              CHEMBL114503         Sodium              
0 0.825 0.825 0.825 0.825 0 0 0.825 0 0 0 0 0 0 0.825 0 0 0 0 0 0 0.825 0 0 0 0 0 0 0.825 0 0 0 0 0 0 0 0 0 0 0 0 0 0 0 0 0 0 0 0 
C5H8O2               CHEMBL115668                             
0 0.601026 0.6 0 0.597477 0 0 0.601026 0 0 0.597477 0 0 0 0.6 0 0 0 0 0 0 0 0.597477 0 0 0 0.601026 0 0.597477 0 0 0 0 0 0 0 0 0 0.601026 0 0 0.597477 0 0 0 0 0 0.597477 0 
C5H8O2               CHEMBL115725                             
0 0.601026 0.6 0 0 0 0 0.601026 0 0 0.6 0.597477 0 0 0.6 0 0 0 0 0.597477 0.601026 0 0.6 0 0 0 0 0 0 0.597477 0 0 0 0 0 0 0 0.597477 0 0 0 0 0 0 0.601026 0 0 0 0 
C4H8O2S              CHEMBL116212         3-Methylsulfanyl-Propionic
0 0.823294 0.825 0.826931 0 0 0 0.823294 0 0 0 0 0.830487 0 0.825 0 0 0 0 0 0 0.826931 0 0 0 0 0 0 0 0 0 0 0 0.823294 0.823294 0 0.830487 0 0 0.823294 0 0 0 0 0 0 0.823294 0 0 
C6H5I                CHEMBL116296         Iodobenzene         
0 0.825 0 0 0 0.825025 0 0.825 0 0.825025 0 0 0 0 0 0.825025 0 0.825025 0 0 0 0 0 0.825025 0 0.825 0 0 0 0 0 0.825 0 0.825025 0 0.825025 0 0 0 0.825025 0 0.825 0 0 0 0 0 0.825 0 
C5H13IN              CHEMBL116475                             
0 0 0.825 0.825042 0.825042 0.825 0 0 0 0 0 0 0 0.825 0.825 0 0 0 0 0 0.823294 0.825042 0 0 0 0 0 0 0.825042 0 0 0 0 0 0 0.825 0 0 0 0 0 0 0 0.825 0.823294 0 0 0 0 
C2H2F3NO             CHEMBL117012         Trifluoroacetamide  
0 0.825 0 0.823294 0.82883 0.826931 0 0.825 0 0.823294 0 0 0 0.826931 0 0.823294 0 0 0 0 0 0.823294 0 0 0 0 0 0 0.82883 0 0 0 0 0 0 0.826931 0 0 0 0 0 0 0 0.826931 0 0 0 0 0 
C5H12OS              CHEMBL117865                             
0 0 0.823293 0.823294 0 0 0 0 0 0 0 0.823293 0 0 0.823293 0 0 0 0 0.830487 0 0.823294 0 0 0 0 0 0 0 0.823293 0 0 0 0 0.826932 0 0 0.830487 0 0 0 0.823293 0 0 0 0 0.826932 0.823293 0 
C5H14N2              CHEMBL119296         Pentane-1,5-Diamine 
0 0.825025 0 0 0.824938 0 0 0.825025 0 0.825025 0 0 0 0 0 0.825025 0 0.824939 0 0 0 0 0 0.824939 0 0 0.825025 0 0.824938 0 0 0 0 0 0 0 0 0 0.825025 0 0 0.825025 0 0 0 0 0 0.825025 0 
C4H11OSe.Cl          CHEMBL119308                             
0 0 0 0 0 0 0 0 0 0 0.6 0.597477 0.601026 0 0 0 0 0 0 0 0.6 0 0.6 0 0 0 0 0.597477 0 0.597477 0 0 0 0 0 0 0.601026 0 0 0 0 0 0 0 0.6 0.597477 0 0 0 
C4H8N2S              CHEMBL11938                              
0 0.823294 0.823294 0.825 0 0 0 0.823294 0 0 0 0 0.825 0 0.823294 0 0 0 0 0 0.825 0.825 0 0 0 0 0 0 0 0 0 0 0 0.823294 0.823294 0 0.825 0 0 0.823294 0 0 0 0 0.825 0 0.823294 0 0 
C6H6S                CHEMBL119405         Benzenethiol        
0 0.825 0 0 0 0 0 0.825 0 0.824484 0.824484 0 0 0 0 0.824484 0 0 0.825 0 0 0 0.824484 0 0 0 0.825 0 0 0 0.825 0 0 0 0.829437 0 0 0 0.825 0 0 0.829437 0 0 0 0 0.829437 0.829437 0 
C4H11NO2             CHEMBL119604         Diethanolamine      
0 0 0 0.604669 0.593849 0 0 0 0 0 0 0 0 0.601026 0 0 0 0 0 0.601026 0 0.604669 0 0 0 0 0.597477 0 0.593849 0 0 0 0 0 0.604669 0 0 0.601026 0.597477 0 0 0 0 0.601026 0 0 0.604669 0 0 
C5H9NO               CHEMBL12193          Piperidin-2-one     
0 0.815516 0.826931 0 0.825 0 0 0.815516 0 0 0.819167 0 0 0 0.826931 0 0 0 0 0 0 0 0.819167 0 0 0 0.825 0 0.825 0 0 0 0 0 0.82387 0 0 0 0.825 0 0 0.827484 0 0 0 0 0.82387 0.827484 0 
C2H7O2PS2            CHEMBL122097         Methylsulfanylmethyl-Phosphonothioic
0 0.829034 0.832078 0.823683 0.823294 0 0 0.829034 0 0 0 0 0 0 0.832078 0 0 0 0 0.826655 0 0.823683 0 0 0 0 0 0 0.823294 0 0 0 0 0 0 0 0 0.826655 0 0 0 0.824412 0 0 0 0 0 0.824412 0 
C3H4N2O2             CHEMBL122334         Hydantoin           
0 0.824955 0 0 0 0 0 0.824955 0 0.825 0 0.825063 0 0 0 0.825 0 0.825093 0 0 0 0 0 0.825093 0 0 0.825036 0 0 0.825063 0 0 0 0.824955 0 0 0 0 0.825036 0.824955 0 0.825 0 0 0 0 0 0.825 0 
C4H8O2S              CHEMBL123260                             
0 0.597477 0.6 0.604669 0 0 0 0.597477 0 0 0 0 0.601026 0.6 0.6 0 0 0 0 0 0 0.604669 0 0 0 0 0 0 0 0 0 0 0 0.597477 0 0 0.601026 0 0 0.597477 0 0 0 0.6 0 0 0 0 0 
C3H9O3P              CHEMBL125296         Propyl-Phosphonic   
0 0.829034 0.823294 0.823683 0.832078 0 0 0.829034 0 0 0 0 0 0 0.823294 0 0 0 0 0 0 0.823683 0 0 0 0 0 0 0.832078 0 0 0 0 0.826655 0 0 0 0 0 0.826655 0 0.824412 0 0 0 0 0 0.824412 0 
C5H9NO               CHEMBL12543          N-Methyl            
0 0 0 0 0 0 0.824967 0 0 0 0 0 0.825 0 0 0 0 0.825093 0.825 0 0 0 0 0.825093 0 0 0.825036 0 0 0 0.825 0 0 0 0.825063 0 0.825 0 0.825036 0 0 0.824955 0.824967 0 0 0 0.825063 0.824955 0 
C4H8N2O              CHEMBL12593                              
0 0.823294 0.823294 0.825 0 0 0 0.823294 0 0 0 0 0.825 0 0.823294 0 0 0 0 0 0.825 0.825 0 0 0 0 0 0 0 0 0 0 0 0.823294 0.823294 0 0.825 0 0 0.823294 0 0 0 0 0.825 0 0.823294 0 0 
C4H8O3               CHEMBL1342           WY-3478             
0 0.71535 0.6917 0 0.718887 0 0 0.71535 0 0 0 0 0 0 0.6917 0 0 0 0 0 0 0 0 0 0 0 0.709097 0 0.718887 0 0 0 0 0 0.704602 0 0 0 0.709097 0 0 0.718887 0 0 0 0 0.704602 0.718887 0 
C7H16                CHEMBL134658         Heptane             
0 0.825025 0 0 0 0 0 0.825025 0 0.824939 0 0 0 0 0 0.824939 0 0.825025 0 0 0 0 0 0.825025 0 0.825025 0 0 0 0 0 0.825025 0 0.824939 0 0 0 0 0 0.824939 0 0.825025 0 0 0 0 0 0.825025 0 
C6H14N               CHEMBL135503         Allyl-Trimethyl-Ammonium
0 0 0 0.827483 0.831102 0.816711 0.823294 0 0 0.825406 0.817102 0 0 0 0 0.825406 0 0 0 0 0 0.827483 0.817102 0 0 0 0 0 0.831102 0 0 0 0 0 0 0.816711 0 0 0 0 0 0 0.823294 0 0 0 0 0 0 
C3H5NaO3             CHEMBL1357           Sodium              
0 0 0.8274 0 0 0 0 0 0 0.825025 0 0.824938 0.825 0 0.8274 0.825025 0 0.825807 0 0 0 0 0 0.825807 0 0 0 0 0 0.824938 0 0 0 0 0 0 0.825 0 0 0 0 0 0 0 0 0 0 0 0 
C5H14NS              CHEMBL136145                             
0 0.825 0 0 0 0 0 0.825 0 0.825025 0 0 0 0 0 0.825025 0 0.825 0 0 0 0 0 0.825 0 0.825 0.825 0.825 0 0 0 0.825 0 0 0 0 0 0 0.825 0 0 0 0 0 0 0.825 0 0 0 
C5H8N2               CHEMBL13911                              
0 0 0.604798 0.6 0 0 0 0 0 0.60013 0 0.60013 0.600015 0 0.604798 0.60013 0 0 0 0 0 0.6 0 0 0 0.604798 0 0 0 0.60013 0 0.604798 0 0 0 0 0.600015 0 0 0 0 0.595981 0 0 0 0 0 0.595981 0 
C2HCl3O2             CHEMBL14053          Trichloroethanoic   
0 0.825 0 0.825 0.825 0.825 0 0.825 0 0.823294 0 0 0 0.826845 0 0.823294 0 0 0 0 0 0.825 0 0 0 0 0 0 0.825 0 0 0 0 0 0 0.825 0 0 0 0 0 0 0 0.826845 0 0 0 0 0 
C6H6O                CHEMBL14060          Carbolic            
0 1.475 1.4414 1.40962 0 0 0 1.475 0 0 0 0 0 0 1.4414 0 0 0 0 1.3833 0 1.40962 0 0 0 1.4333 0 0 0 0 0 1.4333 0 0 1.44275 0 0 1.3833 0 0 0 1.44987 0 0 0 0 1.44275 1.44987 0 
C6H14O               CHEMBL14085          Capric              
0 0.825025 0 0 0 0 0 0.825025 0 0.825025 0 0 0 0 0 0.825025 0 0.824939 0 0 0 0 0 0.824939 0 0.825025 0 0 0 0 0 0.825025 0 0.825025 0 0 0 0 0 0.825025 0 0.825025 0 0 0 0 0 0.825025 0 
C2HBrF4              CHEMBL143941         DA-708              
0 0.6 0.604669 0.600015 0.595317 0 0 0.6 0 0 0 0 0.604669 0.593849 0.604669 0 0 0 0 0 0 0.600015 0 0 0 0 0 0 0.595317 0 0 0 0 0 0 0 0.604669 0 0 0 0 0 0 0.593849 0 0 0 0 0 
C3H7FN2S             CHEMBL148951                             
0 0.821197 0.825042 0.823294 0 0 0 0.821197 0 0 0 0 0 0 0.825042 0 0 0 0 0.825406 0 0.823294 0 0 0 0 0 0 0 0 0 0 0 0 0.827484 0 0 0.825406 0 0 0 0.82501 0 0 0 0 0.827484 0.82501 0 
C2H7NO3S             CHEMBL149514         Sulfamic            
0 0.829714 0.833675 0.838009 0.825379 0 0 0.829714 0 0 0 0 0 0 0.833675 0 0 0 0 0 0 0.838009 0 0 0 0 0 0 0.825379 0 0 0 0 0.829388 0 0 0 0 0 0.829388 0 0.825379 0 0 0 0 0 0.825379 0 
C5H6S2               CHEMBL152603                             
0 0.826772 0.830183 0 0 0 0 0.826772 0 0 0.832771 0 0 0.820897 0.830183 0 0 0 0.832771 0 0 0 0.832771 0 0 0.8292 0 0 0 0 0.832771 0.8292 0 0 0 0 0 0 0 0 0 0.83492 0 0.820897 0 0 0 0.83492 0 
C3H7NO3              CHEMBL153081                             
0 0.825 0.823294 0.823294 0 0 0 0.825 0 0 0 0 0 0 0.823294 0 0 0 0.830487 0 0 0.823294 0 0 0 0 0.826931 0 0 0 0.830487 0 0 0 0 0 0 0 0.826931 0 0 0.823294 0 0 0 0 0 0.823294 0 
C6H14S               CHEMBL153339         Hexane-1-Thiol      
0 0.822344 0 0 0 0 0 0.822344 0 0.819632 0 0 0 0 0 0.819632 0 0 0 0.829773 0 0 0 0 0 0.824337 0 0.827777 0 0 0 0.824337 0 0.827003 0 0 0 0.829773 0 0.827003 0 0 0 0 0 0.827777 0 0 0 
C6H7N                CHEMBL15544          4-Methyl-Pyridine   
0 0 0.830487 0.827483 0 0 0 0 0 0 0 0.823294 0.830487 0.825 0.830487 0 0 0 0 0.8333 0 0.827483 0 0 0 0.825 0 0 0 0.823294 0 0.825 0 0 0 0 0.830487 0.8333 0 0 0 0 0 0.825 0 0 0 0 0 
C6H13Cl              CHEMBL156095         1-Chlorohexane      
0 0.597477 0 0 0 0 0 0.597477 0 0.601026 0 0 0 0 0 0.601026 0 0 0 0.597477 0 0 0 0 0 0.604669 0 0.597477 0 0 0 0.604669 0 0.601026 0 0 0 0.597477 0 0.601026 0 0 0 0 0 0.597477 0 0 0 
C3H9ClN2O            CHEMBL15650                              
0 0.597477 0 0.6 0 0 0.601027 0.597477 0 0 0 0.601027 0 0 0 0 0 0 0.60467 0 0 0.6 0 0 0 0 0 0 0 0.601027 0.60467 0 0 0 0 0 0 0 0 0 0 0.597477 0.601027 0 0 0 0 0.597477 0 
C6H7N                CHEMBL15722          3-Picoline          
0 0.825 0 0 0 0 0 0.825 0 0.824939 0.825025 0 0 0 0 0.824939 0 0 0.825 0 0 0 0.825025 0 0 0 0 0.825 0 0 0.825 0 0 0.824939 0 0 0 0 0 0.824939 0 0.825025 0 0 0 0.825 0 0.825025 0 
C6H7N                CHEMBL15732          2-Methyl-Pyridine   
0 0.830487 0.827483 0 0 0 0 0.830487 0 0 0.823294 0.8333 0 0 0.827483 0 0 0 0 0.825 0 0 0.823294 0 0 0 0 0 0 0.8333 0 0 0 0 0.830487 0 0 0.825 0 0 0 0.823294 0 0 0 0 0.830487 0.823294 0 
C4H6N2O              CHEMBL157963                             
0 0.60013 0.60013 0 0 0.6 0 0.60013 0 0 0 0.604799 0 0.595607 0.60013 0 0 0.604799 0 0 0 0 0 0.604799 0 0.6 0 0 0 0.604799 0 0.6 0 0 0 0.6 0 0 0 0 0 0 0 0.595607 0 0 0 0 0 
C5H10O2              CHEMBL15859          Butyric             
0 0.830486 0.825 0.823295 0 0 0 0.830486 0 0 0 0 0 0 0.825 0 0 0 0.823295 0 0 0.823295 0 0 0 0 0.825 0 0 0 0.823295 0 0 0 0 0 0 0 0.825 0 0 0.823295 0 0 0 0 0 0.823295 0 
C4H9N3               CHEMBL158626                             
0 0.823293 0.830487 0.825 0 0 0 0.823293 0 0 0 0 0.825 0 0.830487 0 0 0 0 0 0.825 0.825 0 0 0 0 0 0 0 0 0 0 0 0.823293 0.830488 0 0.825 0 0 0.823293 0 0 0 0 0.825 0 0.830488 0 0 
C3H8N2O2             CHEMBL159205         3-Hydrazino-Propionic
0 0.825406 0.825 0 0 0.819167 0 0.825406 0 0 0 0 0 0.834135 0.825 0 0 0 0 0 0 0 0 0 0 0.823294 0 0.827483 0 0 0 0.823294 0 0 0 0.819167 0 0 0 0 0 0 0 0.834135 0 0.827483 0 0 0 
C6H5Br               CHEMBL16068          Bromo-Benzene       
0 0.825065 0 0 0 0.824989 0.825443 0.825065 0 0.825243 0 0 0 0 0 0.825243 0 0.824958 0 0 0 0 0 0.824958 0 0.825066 0 0 0 0 0 0.825066 0 0.825349 0 0.824989 0 0 0 0.825349 0 0 0.825443 0 0 0 0 0 0 
C6H5F                CHEMBL16070          Fluorobenzene       
0 0.825017 0 0 0 0.825149 0.823855 0.825017 0 0.823753 0 0 0 0 0 0.823753 0 0.825118 0 0 0 0 0 0.825118 0 0.825113 0 0 0 0 0 0.825113 0 0.823657 0 0.825149 0 0 0 0.823657 0 0 0.823855 0 0 0 0 0 0 
C4H8N2O              CHEMBL161118                             
0 0.823294 0.825 0.823294 0 0 0 0.823294 0 0 0 0.8333 0 0 0.825 0 0 0 0 0 0 0.823294 0 0 0 0 0 0.8333 0 0.8333 0 0 0 0.823294 0 0 0 0 0 0.823294 0 0.823294 0 0 0 0.8333 0 0.823294 0 
C6H5Cl               CHEMBL16200          Chlorobenzene       
0 0.825 0 0 0 0 0 0.825 0 0.825025 0 0 0 0.825025 0 0.825025 0 0.825 0 0 0 0 0 0.825 0 0.825025 0 0 0 0 0 0.825025 0 0.825025 0 0 0 0 0 0.825025 0 0.825 0 0.825025 0 0 0 0.825 0 
C2H6O4S              CHEMBL162150         Sulfuric            
0 0.825 0.825 0.825 0.825 0 0 0.825 0 0 0 0 0 0 0.825 0 0 0 0 0 0 0.825 0 0 0 0 0 0.823294 0.825 0 0 0 0 0.830487 0 0 0 0 0 0.830487 0 0 0 0 0 0.823294 0 0 0 
C3H8N2O2             CHEMBL163961                             
0 0.6083 0.601026 0 0 0 0 0.6083 0 0 0.601026 0 0.597477 0 0.601026 0 0 0 0 0 0 0 0.601026 0 0 0.595379 0 0 0 0 0 0.595379 0 0 0.60467 0 0.597477 0 0 0 0 0 0 0 0 0 0.60467 0 0 
C4H10N2O             CHEMBL164290                             
0 0.604669 0.6 0 0 0 0 0.604669 0 0 0 0 0 0 0.6 0 0 0.593849 0.604669 0 0 0 0 0.593849 0 0 0 0.604669 0 0 0.604669 0 0 0.601026 0 0 0 0 0 0.601026 0 0 0 0 0 0.604669 0 0 0 
C4H10N2O             CHEMBL165385                             
0 0.604669 0.599999 0 0 0 0 0.604669 0 0 0 0 0 0 0.599999 0 0 0.593849 0.604669 0 0 0 0 0.593849 0 0 0.604669 0 0 0 0.604669 0 0 0 0 0 0 0 0.604669 0 0 0.597477 0 0 0 0 0 0.597477 0 
C4H8N2O              CHEMBL165390                             
0 0.6 0.601026 0 0 0 0 0.6 0 0 0.597477 0 0.601026 0 0.601026 0 0 0 0 0 0 0 0.597477 0 0 0.601026 0 0 0 0 0 0.601026 0 0 0 0 0.601026 0 0 0 0 0.597477 0 0 0 0 0 0.597477 0 
C4H8N2O              CHEMBL165557                             
0 0.604669 0.6 0 0 0 0 0.604669 0 0 0 0 0 0 0.6 0 0 0 0 0.593849 0.604669 0 0 0 0 0.597477 0.604669 0 0 0 0 0.597477 0 0 0 0 0 0.593849 0.604669 0 0 0 0 0 0.604669 0 0 0 0 
C3H5N3O              CHEMBL166186                             
0 0 0.601026 0 0 0 0 0 0 0 0.597477 0.6 0 0 0.601026 0 0 0 0 0.597477 0 0 0.597477 0 0 0 0 0 0 0.6 0 0 0 0.601027 0.597477 0 0 0.597477 0 0.601027 0 0 0 0 0 0 0.597477 0 0 
C4H8N2S              CHEMBL167256                             
0 0.823499 0 0.832196 0.833946 0 0 0.823499 0 0.839418 0 0 0 0.826305 0 0.839418 0 0 0 0 0 0.832196 0 0 0 0 0 0 0.833946 0 0 0 0 0.815527 0 0 0 0 0 0.815527 0 0.824988 0 0.826305 0 0 0 0.824988 0 
C3H7ClN2O            CHEMBL167516                             
0 0.597477 0.6 0 0 0 0 0.597477 0 0 0 0 0 0 0.6 0 0 0.601027 0 0 0.597477 0 0 0.601027 0 0 0.597477 0 0 0 0 0 0 0.601026 0 0 0 0 0.597477 0.601026 0 0 0 0 0.597477 0 0 0 0 
C4H8O2S              CHEMBL170059                             
0 0.83281 0 0.819625 0.826866 0 0 0.83281 0 0 0 0 0 0 0 0 0 0 0 0.828102 0.835325 0.819625 0 0 0 0 0.83271 0 0.826866 0 0 0 0 0 0.83271 0 0 0.828102 0.83271 0 0 0 0 0 0.835325 0 0.83271 0 0 
C6H10S               CHEMBL170458         Diallylsulfide      
0 0.825025 0.824939 0 0 0 0 0.825025 0 0 0.825025 0 0 0 0.824939 0 0 0 0 0 0 0 0.825025 0 0 0.824939 0 0 0 0 0 0.824939 0 0.825 0 0 0 0 0 0.825 0 0.825025 0 0 0 0 0 0.825025 0 
C5H10OS              CHEMBL170710         Tetrahydro-thiopyran-1-oxide
0 0.83271 0.828133 0.835303 0 0 0 0.83271 0 0 0 0 0 0 0.828133 0 0 0 0 0.83271 0 0.835303 0 0 0 0.83281 0 0 0 0 0 0.83281 0 0 0.826941 0 0 0.83271 0 0 0 0.819678 0 0 0 0 0.826941 0.819678 0 
C5H11NO              CHEMBL171066         NFS1776             
0 0.825 0.830487 0.823294 0 0 0 0.825 0 0 0 0 0 0 0.830487 0 0 0 0 0 0 0.823294 0 0 0 0.823293 0 0 0 0 0 0.823293 0 0.825 0.823294 0 0 0 0 0.825 0 0 0 0 0 0 0.823294 0 0 
C4H6O3               CHEMBL171246         2-Oxobutanoate      
0 0.825025 0 0 0 0 0 0.825025 0 0.824939 0 0 0 0 0 0.824939 0 0.825 0.825025 0 0 0 0 0.825 0 0 0 0 0 0 0.825025 0 0 0.825025 0.825 0 0 0 0 0.825025 0 0 0 0 0 0 0.825 0 0 
C3H7NO2S             CHEMBL171281                             
0 0.825 0 0 0 0 0 0.825 0 0.825025 0 0.824939 0 0 0 0.825025 0 0.825025 0 0 0.825 0 0 0.825025 0 0 0 0 0 0.824939 0 0 0 0.825025 0 0 0 0 0 0.825025 0 0 0 0 0.825 0 0 0 0 
C4H9NOS              CHEMBL171361         Thiomorpholine      
0 0.83281 0 0.823891 0.831079 0 0 0.83281 0 0 0 0 0 0 0 0 0 0 0 0.823876 0.831033 0.823891 0 0 0 0 0.83281 0 0.831079 0 0 0 0 0 0.83281 0 0 0.823876 0.83281 0 0 0 0 0 0.831033 0 0.83281 0 0 
C3H5O3.Na            CHEMBL171409         Sodium              
0 0.830487 0.823294 0.825 0 0 0 0.830487 0 0 0 0 0 0 0.823294 0 0 0 0 0 0.826931 0.825 0 0 0 0 0 0 0 0 0 0 0 0 0 0 0 0 0 0 0 0.823294 0 0 0.826931 0 0 0.823294 0 
C4H10N2O             CHEMBL174244         Isobutyric          
0 0.825 0.823294 0.823294 0 0 0 0.825 0 0 0 0 0 0 0.823294 0 0 0 0.830487 0 0 0.823294 0 0 0 0 0.823294 0.825 0 0 0.830487 0 0 0 0 0 0 0 0.823294 0 0 0 0 0 0 0.825 0 0 0 
C4H9NO2              CHEMBL174258         4-Hydroxy-Butyramide
0 0.8333 0.823294 0 0.823294 0 0 0.8333 0 0 0 0 0 0 0.823294 0 0 0 0 0 0 0 0 0 0 0 0.823294 0 0.823294 0 0 0 0 0 0.823294 0 0 0 0.823294 0 0 0.826931 0 0 0 0 0.823294 0.826931 0 
C5H12N2              CHEMBL174570         Piperidin-4-ylamine 
0 0 0 0 0 0.825474 0.816241 0 0 0.825852 0.819974 0.821915 0 0 0 0.825852 0 0 0 0 0 0 0.819974 0 0 0 0.825852 0 0 0.821915 0 0 0 0 0.825852 0.825474 0 0 0.825852 0 0 0 0.816241 0 0 0 0.825852 0 0 
C5H14N2              CHEMBL174776                             
0 0 0 0 0.823294 0.823294 0 0 0 0 0.826931 0 0 0.819661 0 0 0 0.823294 0.836766 0 0 0 0.826931 0.823294 0 0 0 0 0.823294 0 0.836766 0 0 0 0 0.823294 0 0 0 0 0 0 0 0.819661 0 0 0 0 0 
C4H4N2S              CHEMBL177036         3-Thiocyanato-Propionitrile
0 0.821197 0 0 0.823294 0 0 0.821197 0 0 0 0 0 0 0 0 0 0.828409 0 0 0 0 0 0.828409 0 0 0.823294 0 0.823294 0 0 0 0 0 0.823294 0 0 0 0.823294 0 0 0.826931 0 0 0 0 0.823294 0.826931 0 
C3H3BrO3             CHEMBL177837         Bromopyruvic        
0 0.825025 0 0 0 0 0 0.825025 0 0.824939 0 0 0 0 0 0.824939 0 0.825 0.825025 0 0 0 0 0.825 0 0 0 0 0 0 0.825025 0 0 0.825025 0.825 0 0 0 0 0.825025 0 0 0 0 0 0 0.825 0 0 
C4H4S3               CHEMBL178491                             
0 0.820061 0 0 0.83218 0 0.825095 0.820061 0 0 0.820949 0 0.83451 0 0 0 0 0.816796 0.824969 0 0 0 0.820949 0.816796 0 0 0 0 0.83218 0 0.824969 0 0 0 0 0 0.83451 0 0 0 0 0 0.825095 0 0 0 0 0 0 
C2H2N2O3             CHEMBL17929                              
0 0.82623 0.822534 0 0 0 0 0.82623 0 0 0.825 0 0.822534 0 0.822534 0 0 0 0.829234 0 0.825 0 0.825 0 0 0.828779 0 0 0 0 0.829234 0.828779 0 0 0 0 0.822534 0 0 0 0 0 0 0 0.825 0 0 0 0 
F6P                  CHEMBL181124                             
0 0.827483 0.827483 0.8292 0.826396 0.819167 0.8333 0.827483 0 0 0 0 0 0 0.827483 0 0 0 0 0 0 0.8292 0 0 0 0 0 0 0.826396 0 0 0 0 0 0 0.819167 0 0 0 0 0 0 0.8333 0 0 0 0 0 0 
AlF6                 CHEMBL181624                             
0 0.8167 0.830487 0.8333 0.826931 0.823294 0.823294 0.8167 0 0 0 0 0 0 0.830487 0 0 0 0 0 0 0.8333 0 0 0 0 0 0 0.826931 0 0 0 0 0 0 0.823294 0 0 0 0 0 0 0.823294 0 0 0 0 0 0 
AsF6                 CHEMBL181880                             
0 0.8167 0.830487 0.826931 0.8333 0.816121 0.830487 0.8167 0 0 0 0 0 0 0.830487 0 0 0 0 0 0 0.826931 0 0 0 0 0 0 0.8333 0 0 0 0 0 0 0.816121 0 0 0 0 0 0 0.830487 0 0 0 0 0 0 
C3H3NaO3             CHEMBL181886         Sodium              
0 0 0 0 0 0 0 0 0 0.824939 0 0 0.825025 0.825 0 0.824939 0 0.825025 0.825 0 0 0 0 0.825025 0 0 0 0 0 0 0.825 0 0 0 0 0 0.825025 0 0 0 0 0 0 0.825 0 0 0 0 0 
C5H10N2              CHEMBL182305                             
0 0.825379 0 0.82503 0 0 0 0.825379 0 0.826115 0 0.830234 0 0 0 0.826115 0 0 0 0 0 0.82503 0 0 0 0 0.826114 0.823757 0 0.830234 0 0 0 0.825042 0 0 0 0 0.826114 0.825042 0 0 0 0 0 0.823757 0 0 0 
C5H10N2              CHEMBL183012                             
0 0.825379 0.830098 0.823757 0 0 0 0.825379 0 0 0 0.822534 0 0 0.830098 0 0 0 0 0 0 0.823757 0 0 0 0 0.833394 0 0 0.822534 0 0 0 0.830098 0 0 0 0 0.833394 0.830098 0 0.82063 0 0 0 0 0 0.82063 0 
C4H8N2S              CHEMBL185505                             
0 0.83301 0.8251 0.81587 0 0 0 0.83301 0 0 0 0 0.817908 0 0.8251 0 0 0 0.822059 0 0 0.81587 0 0 0 0 0 0 0 0 0.822059 0 0 0.8221 0 0 0.817908 0 0 0.8221 0 0.831039 0 0 0 0 0 0.831039 0 
C6H10O               CHEMBL18850          Cyclohexanone       
0 0.825 0.824939 0 0 0 0.825025 0.825 0 0 0 0 0 0 0.824939 0 0 0.825 0 0 0 0 0 0.825 0 0.824939 0 0 0 0 0 0.824939 0 0.825025 0 0 0 0 0 0.825025 0 0.825 0.825025 0 0 0 0 0.825 0 
C3H7NO3              CHEMBL188554         1-Nitrooxy-Propane  
0 0.823294 0.825 0.823294 0 0 0 0.823294 0 0 0 0 0 0 0.825 0 0 0 0 0 0 0.823294 0 0 0 0.825406 0 0 0 0 0 0.825406 0 0.826396 0 0 0 0 0 0.826396 0 0.823294 0 0 0 0 0 0.823294 0 
C5H4O2               CHEMBL189362         Furan-2-carbaldehyde
0 0.825 0 0 0 0 0.825025 0.825 0 0.824955 0 0 0.825036 0 0 0.824955 0 0.825063 0 0 0 0 0 0.825063 0 0.825 0 0 0 0 0 0.825 0 0.825093 0 0 0.825036 0 0 0.825093 0 0 0.825025 0 0 0 0 0 0 
C4H7NO2              CHEMBL18986          N-Acetyl-Acetamide  
0 0.822628 0.817074 0 0 0 0 0.822628 0 0 0 0.82883 0.823758 0 0.817074 0 0 0.819808 0 0 0.826996 0 0 0.819808 0 0 0 0 0 0.82883 0 0 0 0 0 0 0.823758 0 0 0 0 0 0 0 0.826996 0 0 0 0 
C5H8O2               CHEMBL191625         Pentane-2,4-Dione   
0 0.834135 0.840387 0 0 0 0 0.834135 0 0 0 0.825042 0 0.826023 0.840387 0 0 0.8333 0 0.819167 0 0 0 0.8333 0 0 0 0 0 0.825042 0 0 0 0 0 0 0 0.819167 0 0 0 0 0 0.826023 0 0 0 0 0 
C5H8O2               CHEMBL192809         Pentane-2,3-Dione   
0 0.840387 0.8333 0 0 0.819167 0 0.840387 0 0 0.825095 0.834135 0 0 0.8333 0 0 0 0 0 0 0 0.825095 0 0 0 0 0 0 0.834135 0 0 0 0 0.826023 0.819167 0 0 0 0 0 0 0 0 0 0 0.826023 0 0 
C4H4O3               CHEMBL193817                             
0 0.820052 0 0.82623 0 0.834641 0 0.820052 0 0 0 0.825042 0 0.823449 0 0 0 0.825 0 0 0.827511 0.82623 0 0.825 0 0 0 0 0 0.825042 0 0 0 0 0 0.834641 0 0 0 0 0 0 0 0.823449 0.827511 0 0 0 0 
C5H8O2               CHEMBL195593                             
0 0.825 0.824382 0.827511 0 0 0 0.825 0 0 0 0.828779 0 0 0.824382 0 0 0 0 0 0 0.827511 0 0 0 0 0.821049 0 0 0.828779 0 0 0 0.824382 0.818323 0 0 0 0.821049 0.824382 0 0 0 0 0 0 0.818323 0 0 
C6H12O               CHEMBL195861         Hexan-2-one         
0 0.8333 0 0 0 0 0 0.8333 0 0.823294 0.823294 0 0 0 0 0.823294 0 0 0.823294 0 0 0 0.823294 0 0 0 0 0 0 0 0.823294 0 0 0.826931 0 0 0 0 0 0.826931 0 0.830487 0 0 0 0 0 0.830487 0 
C6H13N               CHEMBL21454          2-Methyl-Piperidine 
0 0.604669 0.593849 0 0 0 0 0.604669 0 0 0.605212 0.6 0 0 0.593849 0 0 0 0 0.6 0 0 0.605212 0 0 0 0 0 0 0.6 0 0 0 0 0.60467 0 0 0.6 0 0 0 0.593849 0 0 0 0 0.60467 0.593849 0 
C6H13N               CHEMBL21533          4-Methyl-Piperidine 
0 0.601026 0.593849 0 0 0 0 0.601026 0 0 0 0 0.6 0 0.593849 0 0 0 0.6 0 0 0 0 0 0 0.593849 0.601026 0.6 0 0 0.6 0.593849 0 0 0 0 0.6 0 0.601026 0 0 0 0 0 0 0.6 0 0 0 
C5H6N2               CHEMBL21619          2-Aminopyridin      
0 0.824939 0 0 0 0.825 0 0.824939 0 0.825025 0 0 0 0.825 0 0.825025 0 0.825 0 0 0 0 0 0.825 0 0.825025 0 0 0 0 0 0.825025 0 0.824939 0 0.825 0 0 0 0.824939 0 0 0 0.825 0 0 0 0 0 
C5H11NO              CHEMBL22463          Piperidin-3-ol      
0 0 0 0.601026 0.593849 0 0 0 0 0.597477 0 0 0 0 0 0.597477 0 0.6 0 0.601026 0 0.601026 0 0.6 0 0 0 0 0.593849 0 0 0 0 0 0.6 0 0 0.601026 0 0 0 0.593849 0 0 0 0 0.6 0.593849 0 
C5H12O2              CHEMBL23860                              
0 0 0 0.829034 0.825406 0.821197 0.838271 0 0 0.826931 0 0 0 0 0 0.826931 0 0.826396 0 0 0 0.829034 0 0.826396 0 0 0 0 0.825406 0 0 0 0 0 0 0.821197 0 0 0 0 0 0 0.838271 0 0 0 0 0 0 
C6H14O               CHEMBL25029                              
0 0 0.604669 0.601564 0.5958 0.593849 0 0 0 0 0 0 0 0.597477 0.604669 0 0 0 0 0 0.601026 0.601564 0 0 0 0 0 0 0.5958 0 0 0 0 0 0 0.593849 0 0 0 0 0 0 0 0.597477 0.601026 0 0 0 0 
C4H11OS.I            CHEMBL25355                              
0 0 0.597477 0 0.601026 0.605512 0 0 0 0 0 0 0 0 0.597477 0 0 0 0 0 0.604669 0 0 0 0 0 0 0.593849 0.601026 0 0 0 0 0 0 0.605512 0 0 0 0 0 0 0 0 0.604669 0.593849 0 0 0 
C5H14OSi             CHEMBL25482          2-Trimethylsilanyl-Ethanol
0 0 0.604669 0.601564 0.5958 0.593849 0 0 0 0 0 0 0 0.597477 0.604669 0 0 0 0 0 0.601026 0.601564 0 0 0 0 0 0 0.5958 0 0 0 0 0 0 0.593849 0 0 0 0 0 0 0 0.597477 0.601026 0 0 0 0 
C5H6N2               CHEMBL25541          Pyridin-3-ylamine   
0 0.825 0 0 0 0.824939 0 0.825 0 0.824939 0 0 0 0 0 0.824939 0 0.825025 0 0 0.825 0 0 0.825025 0 0.825 0 0 0 0 0 0.825 0 0.825025 0 0.824939 0 0 0 0.825025 0 0 0 0 0.825 0 0 0 0 
C5H8N2               CHEMBL262697         Cyano-Pyrrolidine   
0 0.820895 0.82921 0 0 0 0 0.820895 0 0 0 0 0 0 0.82921 0 0 0.830183 0.822969 0 0 0 0 0.830183 0 0 0.830098 0 0 0 0.822969 0 0 0 0.828779 0 0 0 0.830098 0 0 0.829294 0 0 0 0 0.828779 0.829294 0 
C3H10N2O2            CHEMBL26435                              
0 0.601026 0 0 0 0.6 0.597477 0.601026 0 0 0.597477 0 0 0 0 0 0 0.601026 0 0 0 0 0.597477 0.601026 0 0 0 0 0 0 0 0 0 0 0.604669 0.6 0 0 0 0 0 0 0.597477 0 0 0 0.604669 0 0 
C4H7NO2              CHEMBL265325         1-Aminocyclopropanecarboxylic
0 0.825 0.825025 0 0 0 0 0.825 0 0.825025 0 0 0 0 0.825025 0.825025 0 0.824999 0 0 0.824999 0 0 0.824999 0 0.824971 0.825039 0 0 0 0 0.824971 0 0 0 0 0 0 0.825039 0 0 0 0 0 0.824999 0 0 0 0 
C3H10N2O2            CHEMBL26857                              
0 1.50083 0 0 0 0 1.2 1.50083 0 1.50083 1.2 0 0 0 0 1.50083 0 0 1.50083 0 0 0 1.2 0 0 0 0 0 0 0 1.50083 0 0 1.2 0 0 0 0 0 1.2 0 0 1.2 0 0 0 0 0 0 
C5H10O2              CHEMBL268736         Butane-1-carboxylic 
0 0.707541 0.7083 0.707541 0 0 0 0.707541 0 0 0 0 0 0 0.7083 0 0 0 0 0 0 0.707541 0 0 0 0.71118 0 0 0 0 0 0.71118 0 0.707541 0 0 0 0 0 0.707541 0 0.707541 0 0 0 0 0 0.707541 0 
C5H10N2              CHEMBL269058         Piperidin-(2E)-ylideneamine
0 0.825 0 0 0 0 0 0.825 0 0.825025 0 0 0 0.824939 0 0.825025 0 0.825 0 0 0 0 0 0.825 0 0.825025 0 0 0 0 0 0.825025 0 0.824939 0 0 0 0 0 0.824939 0 0.825 0 0.824939 0 0 0 0.825 0 
C3H10FN3             CHEMBL26945                              
0 0 0.601027 0.60467 0 0 0 0 0 0.597477 0 0.6 0 0.601027 0.601027 0.597477 0 0 0 0 0 0.60467 0 0 0 0 0 0 0 0.6 0 0 0 0 0 0 0 0 0 0 0 0.597477 0 0.601027 0 0 0 0.597477 0 
C3H9FN2O             CHEMBL27061                              
0 0.597477 0 0.6 0 0 0.601027 0.597477 0 0 0 0.601027 0 0 0 0 0 0 0.60467 0 0 0.6 0 0 0 0 0 0 0 0.601027 0.60467 0 0 0 0 0 0 0 0 0 0 0.597477 0.601027 0 0 0 0 0.597477 0 
C5H9NO               CHEMBL27104          1-Isocyanato-Butane 
0 0.597477 0.601062 0 0 0 0 0.597477 0 0 0.604669 0 0 0 0.601062 0 0 0 0 0 0 0 0.604669 0 0 0.593849 0 0 0 0 0 0.593849 0 0.604669 0 0 0 0 0 0.604669 0 0.601026 0 0 0 0 0 0.601026 0 
C6H12O               CHEMBL273782         2-Ethyl-Butyraldehyde
0 0.8667 0 0 0 0 0 0.8667 0 0.886886 0 0 0 0 0 0.886886 0 0.883258 0.8792 0 0 0 0 0.883258 0 0 0 0.886306 0 0 0.8792 0 0 0.886306 0 0 0 0 0 0.886306 0 0 0 0 0 0.886306 0 0 0 
C5H10N2              CHEMBL274120         Diethyl-Cyanamide   
0 0.8333 0.816711 0 0 0 0 0.8333 0 0 0 0 0 0 0.816711 0 0 0.820348 0.830487 0 0 0 0 0.820348 0 0 0.8125 0 0 0 0.830487 0 0 0 0.816121 0 0 0 0.8125 0 0 0 0 0 0 0 0.816121 0 0 
C6H10O               CHEMBL274711         Cyclopentanecarbaldehyde
0 0.8792 0 0 0 0 0 0.8792 0 0.883257 0 0 0 0 0 0.883257 0 0.889698 0.880696 0 0 0 0 0.889698 0 0 0 0.882092 0 0 0.880696 0 0 0.880919 0 0 0 0 0 0.880919 0 0.881195 0 0 0 0.882092 0 0.881195 0 
C4H5NO2              CHEMBL275661         Succinimide         
0 0.82592 0.829234 0 0 0 0 0.82592 0 0 0.827511 0 0.827511 0 0.829234 0 0 0 0.819616 0 0.828779 0 0.827511 0 0 0 0 0 0 0 0.819616 0 0 0 0 0 0.827511 0 0 0 0 0.825 0 0 0.828779 0 0 0.825 0 
C5H6O2               CHEMBL275748                             
0 0.825 0 0 0.823848 0 0 0.825 0 0.825176 0 0 0 0 0 0.825176 0 0.82755 0 0.825009 0 0 0 0.82755 0 0.824076 0 0.825001 0.823848 0 0 0.824076 0 0 0 0 0 0.825009 0 0 0 0 0 0 0 0.825001 0 0 0 
C5H11NO              CHEMBL277887         Piperidin-1-ol      
0 0.6 0.593849 0.601026 0 0 0 0.6 0 0 0 0 0 0 0.593849 0 0 0 0 0.6 0 0.601026 0 0 0 0.6 0 0 0 0 0 0.6 0 0 0.601026 0 0 0.6 0 0 0 0.593849 0 0 0 0 0.601026 0.593849 0 
C6H13N               CHEMBL279512         3-Methyl-Piperidine 
0 0.601026 0.593849 0 0 0 0 0.601026 0 0 0.6 0 0 0 0.593849 0 0 0 0 0 0.6 0 0.6 0 0 0.597477 0.601026 0 0 0 0 0.597477 0 0 0 0 0 0 0.601026 0 0 0.593849 0 0 0.6 0 0 0.593849 0 
C5H9NO               CHEMBL279897                             
0 0 0 0.823294 0.825 0 0 0 0 0.821197 0.825 0 0.817102 0 0 0.821197 0 0 0 0 0.816711 0.823294 0.825 0 0 0 0 0 0.825 0 0 0 0 0 0 0 0.817102 0 0 0 0 0 0 0 0.816711 0 0 0 0 
C6H12O               CHEMBL280331         Hexanal             
0 0.82098 0 0 0 0 0 0.82098 0 0.824961 0 0 0 0 0 0.824961 0 0.824961 0 0 0 0 0 0.824961 0 0.824961 0 0 0 0 0 0.824961 0 0.824961 0 0 0 0 0 0.824961 0 0.824634 0 0 0 0 0 0.824634 0 
C6H13N               CHEMBL281417         N-Methylpiperidine  
0 0.6 0.593849 0.601026 0 0 0 0.6 0 0 0 0 0 0 0.593849 0 0 0 0 0.6 0 0.601026 0 0 0 0.6 0 0 0 0 0 0.6 0 0 0.601026 0 0 0.6 0 0 0 0.593849 0 0 0 0 0.601026 0.593849 0 
C3H8O3S              CHEMBL281616         2-Methanesulfonyl-Ethanol
0 0.593849 0.6 0.600015 0.600923 0 0 0.593849 0 0 0 0 0 0.604669 0.6 0 0 0 0 0 0 0.600015 0 0 0 0 0 0 0.600923 0 0 0 0 0 0 0 0 0 0 0 0 0.601026 0 0.604669 0 0 0 0.601026 0 
C4H8N2O              CHEMBL283612                             
0 0.8292 0.826931 0 0 0 0 0.8292 0 0 0.834641 0 0.826931 0 0.826931 0 0 0 0.823293 0 0 0 0.834641 0 0 0 0 0 0 0 0.823293 0 0 0 0.8292 0 0.826931 0 0 0 0 0.823293 0 0 0 0 0.8292 0.823293 0 
C5H11NO              CHEMBL284022         Piperidin-4-ol      
0 0 0 0 0 0.593849 0.601026 0 0 0.601026 0.593849 0.6 0 0 0 0.601026 0 0 0 0 0.6 0 0.593849 0 0 0 0.6 0 0 0.6 0 0 0 0 0 0.593849 0 0 0.6 0 0 0 0.601026 0 0.6 0 0 0 0 
C6H15N               CHEMBL284057                             
0 0.825 0 0.824939 0 0.825025 0 0.825 0 0.825025 0 0 0 0 0 0.825025 0 0 0 0 0 0.824939 0 0 0 0.825 0 0 0 0 0 0.825 0 0 0 0.825025 0 0 0 0 0 0.825 0 0 0 0 0 0.825 0 
C5H6N2               CHEMBL284348         Fampridine          
0 0.825025 0 0 0 0.825025 0 0.825025 0 0.825 0 0 0 0 0 0.825 0 0.825025 0 0 0 0 0 0.825025 0 0.825025 0 0.825 0 0 0 0.825025 0 0.825 0 0.825025 0 0 0 0.825 0 0 0 0 0 0.825 0 0 0 
C3H10N2O2            CHEMBL284573                             
0 0.601026 0 0 0 0.6 0.597477 0.601026 0 0 0.597477 0 0 0 0 0 0 0.601026 0 0 0 0 0.597477 0.601026 0 0 0 0 0 0 0 0 0 0 0.604669 0.6 0 0 0 0 0 0 0.597477 0 0 0 0.604669 0 0 
C3H7NO3              CHEMBL285123         D-Serine            
0 0.824939 0 0 0 0 0 0.824939 0 0.825 0 0 0.825025 0 0 0.825 0 0.824938 0.825025 0 0 0 0 0.824938 0 0 0 0 0 0 0.825025 0 0 0 0 0 0.825025 0 0 0 0 0.825 0 0 0 0 0 0.825 0 
C6H12O               CHEMBL285323         Methyl              
0 1.25 0 0 0 0 0 1.25 0 1.24348 0 1.2543 0 0 0 1.24348 0 1.25431 0 0 0 0 0 1.25431 0 0 1.25 1.24712 0 1.2543 0 0 0 0 0 0 0 0 1.25 0 0 0 0 0 0 1.24712 0 0 0 
C3H6N2O2             CHEMBL286024                             
0 0.818381 0 0.827803 0 0.82501 0 0.818381 0 0 0 0.82623 0 0.823515 0 0 0 0.82623 0 0 0.825042 0.827803 0 0.82623 0 0 0 0 0 0.82623 0 0 0 0 0 0.82501 0 0 0 0 0 0 0 0.823515 0.825042 0 0 0 0 
C4H11NO2             CHEMBL286961                             
0 0 0.600015 0 0.589699 0.597477 0 0 0 0 0 0.601027 0 0.597477 0.600015 0 0 0 0 0 0 0 0 0 0 0 0.598941 0 0.589699 0.601027 0 0 0 0 0 0.597477 0 0 0.598941 0 0 0 0 0.597477 0 0 0 0 0 
C5H8OS               CHEMBL287617                             
0 0.823539 0.820136 0.826023 0 0 0 0.823539 0 0 0 0.828873 0 0 0.820136 0 0 0 0 0 0 0.826023 0 0 0 0 0.828823 0.829911 0 0.828873 0 0 0 0.820136 0 0 0 0 0.828823 0.820136 0 0 0 0 0 0.829911 0 0 0 
C4H8N2O              CHEMBL288076                             
0 0.821679 0.819723 0.829532 0 0 0 0.821679 0 0 0 0.82124 0 0 0.819723 0 0 0 0 0.824447 0.82627 0.829532 0 0 0 0 0 0 0 0.82124 0 0 0 0 0.828078 0 0 0.824447 0 0 0 0 0 0 0.82627 0 0.828078 0 0 
C4H8Cl2Se            CHEMBL288408                             
0 0 0 0.823294 0.825042 0 0 0 0 0 0 0 0 0.825011 0 0 0 0 0 0.827484 0 0.823294 0 0 0 0 0.825011 0 0.825042 0 0 0 0 0 0.823294 0 0 0.827484 0.825011 0 0 0 0 0.825011 0 0 0.823294 0 0 
C2H5N3O2             CHEMBL288958         N-Methyl            
0 0.831787 0.829627 0 0 0 0.8125 0.831787 0 0 0.829627 0 0.8125 0 0.829627 0 0 0 0.8375 0 0 0 0.829627 0 0 0 0 0 0 0 0.8375 0 0 0 0 0 0.8125 0 0 0 0 0 0.8125 0 0 0 0 0 0 
C6H8O                CHEMBL290007                             
0 0.60351 0.6 0 0 0 0 0.60351 0 0 0 0.599196 0 0.604798 0.6 0 0 0.599196 0 0.604799 0 0 0 0.599196 0 0 0 0 0 0.599196 0 0 0 0.602589 0 0 0 0.604799 0 0.602589 0 0 0 0.604798 0 0 0 0 0 
C3H6N2O2             CHEMBL293354                             
0 1.03567 0 1.03562 0 0 0 1.03567 0 1.00802 0 1.04581 0 0 0 1.00802 0 0 0 1.06329 0 1.03562 0 0 0 0 1.01258 1.30631 0 1.04581 0 0 0 0 0 0 0 1.06329 1.01258 0 0 0 0 0 0 1.30631 0 0 0 
C3H5N3O              CHEMBL293420                             
0 0.8333 0 0 0.835413 0.825406 0 0.8333 0 0.835413 0 0 0 0.821049 0 0.835413 0 0.821049 0 0 0 0 0 0.821049 0 0.827803 0 0 0.835413 0 0 0.827803 0 0 0 0.825406 0 0 0 0 0 0 0 0.821049 0 0 0 0 0 
C4H8N2S              CHEMBL293758         2-Allyl-Isothiourea 
0 0.825 0.823294 0.830487 0 0 0 0.825 0 0 0 0 0 0 0.823294 0 0 0 0 0 0.825 0.830487 0 0 0 0 0 0 0 0 0 0 0 0.825 0.823294 0 0 0 0 0.825 0 0 0 0 0.825 0 0.823294 0 0 
C3H6ClNO2            CHEMBL295666                             
0 0.826931 0 0.823294 0.825 0 0 0.826931 0 0.825 0 0 0.823294 0 0 0.825 0 0 0 0 0 0.823294 0 0 0 0 0 0 0.825 0 0 0 0 0 0 0 0.823294 0 0 0 0 0.826931 0 0 0 0 0 0.826931 0 
C4H7ClO2             CHEMBL296237         Acetic              
0 0.6083 0.597477 0 0.604669 0 0 0.6083 0 0 0 0 0 0 0.597477 0 0 0 0 0 0.605212 0 0 0 0 0 0.60467 0 0.604669 0 0 0 0 0 0 0 0 0 0.60467 0 0 0.602596 0 0 0.605212 0 0 0.602596 0 
C2H8NO3P             CHEMBL296494         1-Aminoethylphosphonic
0 0.825025 0 0 0 0 0 0.825025 0 0.824938 0.825 0 0 0 0 0.824938 0 0 0.825 0.825025 0.824982 0 0.825 0 0 0 0 0 0 0 0.825 0 0 0 0 0 0 0.825025 0 0 0 0 0 0 0.824982 0 0 0 0 
C6H6O                CHEMBL297630                             
0 0.823294 0.823294 0 0 0 0 0.823294 0 0.825 0 0.830487 0 0 0.823294 0.825 0 0.830487 0 0 0 0 0 0.830487 0 0 0.823294 0 0 0.830487 0 0 0 0 0.823294 0 0 0 0.823294 0 0 0.825 0 0 0 0 0.823294 0.825 0 
C6H15N               CHEMBL298481         Methyl-Pentyl-Amine 
0 0.597477 0.601026 0 0 0 0 0.597477 0 0 0.601026 0 0 0 0.601026 0 0 0 0 0 0 0 0.601026 0 0 0 0.597477 0 0 0 0 0 0 0.604669 0.598084 0 0 0 0.597477 0.604669 0 0 0 0 0 0 0.598084 0 0 
C3H5N3O              CHEMBL298862                             
0 0.607505 0.60013 0 0 0 0 0.607505 0 0 0.596913 0.603509 0 0 0.60013 0 0 0 0 0.592927 0.604799 0 0.596913 0 0 0 0 0.600015 0 0.603509 0 0 0 0 0 0 0 0.592927 0 0 0 0 0 0 0.604799 0.600015 0 0 0 
C5H11NO              CHEMBL299094         N-Isobutyl-Formamide
0 0.603134 0.6083 0 0 0 0 0.603134 0 0 0 0 0 0 0.6083 0 0 0.6 0 0 0 0 0 0.6 0 0.61189 0 0 0 0 0 0.61189 0 0.6042 0.593849 0 0 0 0 0.6042 0 0 0 0 0 0 0.593849 0 0 
C6H8N                CHEMBL302326         N-Methylpyridinium  
0 0.825042 0.826931 0.823294 0 0 0 0.825042 0 0 0 0 0 0 0.826931 0 0 0 0.825 0 0 0.823294 0 0 0 0 0.825 0 0 0 0.825 0 0 0 0.826931 0 0 0 0.825 0 0 0.823294 0 0 0 0 0.826931 0.823294 0 
C4H5N3               CHEMBL302453         Pyrimidin-4-amine   
0 0.826931 0 0.825 0 0 0 0.826931 0 0 0 0.823294 0.825042 0 0 0 0 0.826931 0 0 0.815516 0.825 0 0.826931 0 0 0 0 0 0.823294 0 0 0 0 0.833311 0 0.825042 0 0 0 0 0 0 0 0.815516 0 0.833311 0 0 
C4H13N3              CHEMBL303429                             
0 0 0 0.825 0.823294 0 0 0 0 0 0 0 0 0.821197 0 0 0 0 0 0.825 0 0.825 0 0 0 0 0.823294 0 0.823294 0 0 0 0 0 0.825 0 0 0.825 0.823294 0 0 0 0 0.821197 0 0 0.825 0 0 
C5H8N2               CHEMBL303797                             
0 0.825095 0 0 0.824998 0 0 0.825095 0 0.825014 0 0 0.825 0 0 0.825014 0 0.824967 0 0 0 0 0 0.824967 0 0.825 0 0 0.824998 0 0 0.825 0 0 0 0 0.825 0 0 0 0 0.825025 0 0 0 0 0 0.825025 0 
C4H5BrN2             CHEMBL305538                             
0 0.60013 0.604798 0 0 0.598269 0 0.60013 0 0 0 0.60013 0 0.6 0.604798 0 0 0.6042 0 0 0 0 0 0.6042 0 0.603509 0 0 0 0.60013 0 0.603509 0 0 0 0.598269 0 0 0 0 0 0 0 0.6 0 0 0 0 0 
C4H8N2S              CHEMBL306541                             
0 0.830487 0.826931 0.825 0 0 0 0.830487 0 0 0 0 0.8292 0 0.826931 0 0 0 0 0 0.8292 0.825 0 0 0 0 0 0 0 0 0 0 0 0.830487 0.826931 0 0.8292 0 0 0.830487 0 0 0 0 0.8292 0 0.826931 0 0 
C2HCl2O2.Na          CHEMBL306823         Sodium              
0 0.825 0.823294 0.830487 0 0 0 0.825 0 0 0 0.830487 0.823294 0 0.823294 0 0 0 0 0 0 0.830487 0 0 0 0 0 0 0 0.830487 0 0 0 0 0 0 0.823294 0 0 0 0 0 0 0 0 0 0 0 0 
C5H6O2               CHEMBL308187         2-Hydroxymethyl-Furan
0 0.825956 0 0 0.825051 0 0 0.825956 0 0.824387 0 0 0 0 0 0.824387 0 0.82413 0 0 0 0 0 0.82413 0 0.824814 0.825041 0 0.825051 0 0 0.824814 0 0 0 0 0 0 0.825041 0 0 0.825113 0 0 0 0 0 0.825113 0 
C5H9NO               CHEMBL308194                             
0 0.827886 0 0 0.82063 0.821662 0.83085 0.827886 0 0 0 0 0 0 0 0 0 0.825095 0.830484 0 0 0 0 0.825095 0 0 0.828789 0 0.82063 0 0.830484 0 0 0 0 0.821662 0 0 0.828789 0 0 0 0.83085 0 0 0 0 0 0 
C4H4O3               CHEMBL310010                             
0 0.599869 0 0.592169 0 0 0 0.599869 0 0.603338 0 0 0.602798 0 0 0.603338 0 0 0.596515 0 0 0.592169 0 0 0 0.601301 0 0.601564 0 0 0.596515 0.601301 0 0 0 0 0.602798 0 0 0 0 0 0 0 0 0.601564 0 0 0 
C4H7NO2              CHEMBL310435         Azetidine-3-Carboxylic
0 1.04002 0 1.03388 0 0 1.04117 1.04002 0 0 0 1.0667 1.0375 0 0 0 0 0 1.0375 1.0667 0 1.03388 0 0 0 0 0 0 0 1.0667 1.0375 0 0 0 0 0 1.0375 1.0667 0 0 0 0 1.04117 0 0 0 0 0 0 
C7H16                CHEMBL31377          3-Methyl-Hexane     
0 0.823294 0.826931 0 0.825 0 0 0.823294 0 0 0 0 0.823294 0 0.826931 0 0 0.823294 0 0 0 0 0 0.823294 0 0 0 0.823294 0.825 0 0 0 0 0 0 0 0.823294 0 0 0 0 0 0 0 0 0.823294 0 0 0 
C4H7NO2              CHEMBL31629                              
0 0.823449 0 0.826115 0.823757 0 0 0.823449 0 0.816742 0 0 0.82748 0 0 0.816742 0 0 0 0 0 0.826115 0 0 0 0 0 0 0.823757 0 0 0 0 0 0.825011 0 0.82748 0 0 0 0 0.822228 0 0 0 0 0.825011 0.822228 0 
C4H11BO2             CHEMBL31962          Butylboronic        
0 0.824939 0 0 0 0 0 0.824939 0 0.825025 0 0 0 0 0 0.825025 0 0.825025 0 0 0 0 0 0.825025 0 0.825025 0 0 0 0 0 0.825025 0 0.824939 0.825 0 0 0 0 0.824939 0 0 0 0 0 0 0.825 0 0 
C6H12O               CHEMBL32010          Cyclohexanol        
0 0.824939 0 0 0 0.825025 0.825 0.824939 0 0.825 0 0 0 0 0 0.825 0 0.824939 0 0 0 0 0 0.824939 0 0.825025 0 0 0 0 0 0.825025 0 0.825 0 0.825025 0 0 0 0.825 0 0 0.825 0 0 0 0 0 0 
C3H9NO2S             CHEMBL32102          Homohypotaurine     
0 0.691813 0.769208 0.597477 0 0 0 0.691813 0 0 0 0 0 0 0.769208 0 0 0 0 0 0 0.597477 0 0 0 0 0.601026 0 0 0 0 0 0 0 0.593849 0 0 0 0.601026 0 0 0.604669 0 0 0 0 0.593849 0.604669 0 
C5H10O2              CHEMBL322719         2,2-Dimethyl-Propionic
0 0.825025 0.824939 0.825025 0.825025 0 0 0.825025 0 0 0 0 0 0 0.824939 0 0 0 0 0 0 0.825025 0 0 0 0 0 0 0.825025 0 0 0 0 0.824938 0.825 0 0 0 0 0.824938 0 0 0 0 0 0 0.825 0 0 
C4H7NO2              CHEMBL32307          Cis-4-Aminocrotonic 
0 0.825012 0 0.825058 0 0 0 0.825012 0 0.820744 0 0 0 0 0 0.820744 0 0 0 0.819651 0.823259 0.825058 0 0 0 0.824912 0 0 0 0 0 0.824912 0 0 0 0 0 0.819651 0 0 0 0 0 0 0.823259 0 0 0 0 
C3H8NO2P             CHEMBL324917                             
0 0.8167 0 0.825378 0.821181 0 0 0.8167 0 0.823294 0 0 0 0 0 0.823294 0 0 0 0 0.823294 0.825378 0 0 0 0 0 0 0.821181 0 0 0 0 0 0 0 0 0 0 0 0 0.830487 0 0 0.823294 0 0 0.830487 0 
C5H4BrN              CHEMBL325044         4-Bromo-Pyridine    
0 0 0 0 0 0.823294 0.823294 0 0 0.825011 0.827483 0.823294 0 0 0 0.825011 0 0 0 0 0 0 0.827483 0 0 0 0 0.825 0 0.823294 0 0 0 0.8333 0 0.823294 0 0 0 0.8333 0 0 0.823294 0 0 0.825 0 0 0 
C4H7ClOS             CHEMBL326737         3-Methylsulfanyl-Propionyl
0 0.823294 0.825 0.826931 0 0 0 0.823294 0 0 0 0 0.830487 0 0.825 0 0 0 0 0 0 0.826931 0 0 0 0 0 0 0 0 0 0 0 0.823294 0.823294 0 0.830487 0 0 0.823294 0 0 0 0 0 0 0.823294 0 0 
C4H7FN2              CHEMBL327284                             
0 0.821049 0.824382 0 0 0.825042 0 0.821049 0 0 0 0.827511 0 0.82623 0.824382 0 0 0.828779 0 0 0 0 0 0.828779 0 0.825 0 0 0 0.827511 0 0.825 0 0 0 0.825042 0 0 0 0 0 0 0 0.82623 0 0 0 0 0 
C5H4OS               CHEMBL328441         Thiophene-2-Carbaldehyde
0 0.824973 0 0 0.823862 0 0 0.824973 0 0.825149 0 0 0 0 0 0.825149 0 0.827609 0 0.824994 0 0 0 0.827609 0 0.824073 0 0 0.823862 0 0 0.824073 0 0 0 0 0 0.824994 0 0 0 0.824994 0 0 0 0 0 0.824994 0 
C4H7NO2              CHEMBL33086                              
0 0.824938 0 0 0 0 0 0.824938 0 0.825025 0 0 0 0 0 0.825025 0 0.825025 0 0 0 0 0 0.825025 0 0.825025 0 0 0 0 0 0.825025 0 0.826708 0.827212 0 0 0 0 0.826708 0 0 0 0 0 0 0.827212 0 0 
C2H2Cl3NO            CHEMBL331157         2,2,2-Trichloro-Acetamide
0 0.823294 0 0.825 0.829911 0.830487 0 0.823294 0 0.823293 0 0 0 0.825 0 0.823293 0 0 0 0 0 0.825 0 0 0 0 0 0 0.829911 0 0 0 0 0 0 0.830487 0 0 0 0 0 0 0 0.825 0 0 0 0 0 
C5H4BrN              CHEMBL331374         2-Bromo-Pyridine    
0 0.823294 0 0.823294 0 0 0 0.823294 0 0.830487 0 0.8333 0 0 0 0.830487 0 0 0 0 0 0.823294 0 0 0 0 0.825 0 0 0.8333 0 0 0 0 0.823294 0 0 0 0.825 0 0 0.827483 0 0 0 0 0.823294 0.827483 0 
C5H13NO              CHEMBL333552                             
0 0 0.601026 0 0 0 0 0 0 0 0.604669 0 0 0 0.601026 0 0 0 0.597477 0 0 0 0.604669 0 0 0 0.593849 0 0 0 0.597477 0 0 0 0.601026 0 0 0 0.593849 0 0 0.604669 0 0 0 0 0.601026 0.604669 0 
C5H10OS              CHEMBL335234                             
0 0.833502 0.819727 0.827849 0 0 0 0.833502 0 0 0 0 0 0 0.819727 0 0 0 0 0.818316 0 0.827849 0 0 0 0.831113 0 0 0 0 0 0.831113 0 0.833723 0 0 0 0.818316 0 0.833723 0 0.844002 0 0 0 0 0 0.844002 0 
C4H7NO2              CHEMBL335741         Butane-2,3-Dione    
0 0.830487 0.823293 0 0 0.825 0 0.830487 0 0 0.8333 0 0 0.823293 0.823293 0 0 0 0.8333 0 0 0 0.8333 0 0 0 0 0 0 0 0.8333 0 0 0 0 0.825 0 0 0 0 0 0 0 0.823293 0 0 0 0 0 
C4H7NO2              CHEMBL33592          Azetidine-2-Carboxylic
0 0 0.830851 0.827742 0 0.827742 0 0 0 0.825 0 0.8167 0 0 0.830851 0.825 0 0 0 0 0.8167 0.827742 0 0 0 0 0 0 0 0.8167 0 0 0 0 0.825 0.827742 0 0 0 0 0 0 0 0 0.8167 0 0.825 0 0 
C3H8O3S              CHEMBL338686         Methanesulfonic     
0 0.827483 0.819167 0.830487 0.823294 0 0 0.827483 0 0 0 0 0 0 0.819167 0 0 0 0 0 0 0.830487 0 0 0 0 0.825 0 0.823294 0 0 0 0 0 0 0 0 0 0.825 0 0 0.823294 0 0 0 0 0 0.823294 0 
C5H13ClN             CHEMBL341956                             
0 0 0.827483 0.823294 0.816742 0.834641 0 0 0 0 0 0 0 0.821783 0.827483 0 0 0 0 0 0.820767 0.823294 0 0 0 0 0 0 0.816742 0 0 0 0 0 0 0.834641 0 0 0 0 0 0 0 0.821783 0.820767 0 0 0 0 
C5H11NO              CHEMBL345235         Pivalamide          
0 0 0 0 0 0 0.825 0 0 0 0 0 0 0.825 0 0 0 0 0 0 0.825 0 0 0 0 0 0.825025 0 0 0 0 0 0 0.825025 0 0 0 0 0.825025 0.825025 0 0.825 0.825 0.825 0.825 0 0 0.825 0 
C4H9O2S              CHEMBL348687                             
0 1.2 0 0 0 0 0 1.2 0 1.2 1.50083 0 0 0 0 1.2 0 0 0 0 0 0 1.50083 0 0 1.50083 0 0 0 0 0 1.50083 0 1.2 1.2 0 0 0 0 1.2 0 0 0 0 0 0 1.2 0 0 
C5H8O2               CHEMBL349188         3,3-Dimethoxy-Propyne
0 0.830487 0.823294 0 0 0 0 0.830487 0 0 0 0 0 0 0.823294 0 0 0.826931 0.82501 0 0 0 0 0.826931 0 0 0.821197 0 0 0 0.82501 0 0 0 0.823294 0 0 0 0.821197 0 0 0 0 0 0 0 0.823294 0 0 
C4H6O2S              CHEMBL349205         Ethenesulfonyl-Ethene
0 0.836766 0.840387 0.833237 0.836766 0 0 0.836766 0 0 0 0 0 0.825042 0.840387 0 0 0 0 0.825042 0 0.833237 0 0 0 0 0 0 0.836766 0 0 0 0 0 0 0 0 0.825042 0 0 0 0 0 0.825042 0 0 0 0 0 
C2HCl5               CHEMBL350040         Pentachloroethane   
0 0.6 0.601026 0.597477 0.595317 0 0 0.6 0 0 0 0 0.601026 0.597477 0.601026 0 0 0 0 0 0 0.597477 0 0 0 0 0 0 0.595317 0 0 0 0 0 0 0 0.601026 0 0 0 0 0 0 0.597477 0 0 0 0 0 
C4H6N2O              CHEMBL350052                             
0 0.6 0.60883 0 0 0 0 0.6 0 0 0 0 0.592522 0.606892 0.60883 0 0 0 0 0 0 0 0 0 0 0.6 0.592927 0 0 0 0 0.6 0 0 0.595607 0 0.592522 0 0.592927 0 0 0 0 0.606892 0 0 0.595607 0 0 
C4H8O3               CHEMBL350524                             
0 0.988212 0 0.820052 0 0.86706 0 0.988212 0 0 0 0.828474 0 0.8149 0 0 0 0 0 1.65 0.743383 0.820052 0 0 0 0 0 0 0 0.828474 0 0 0 0 0 0.86706 0 1.65 0 0 0 0 0 0.8149 0.743383 0 0 0 0 
C4H8N2O              CHEMBL351175         1-Nitrosopyrrolidine
0 0.6 0.60883 0 0 0 0 0.6 0 0 0.592522 0.606892 0 0 0.60883 0 0 0 0 0 0 0 0.592522 0 0 0 0 0.592927 0 0.606892 0 0 0 0.595607 0 0 0 0 0 0.595607 0 0.6 0 0 0 0.592927 0 0.6 0 
C3H6N2O2             CHEMBL351189         3-Nitroso-Oxazolidine
0 0.6042 0.603547 0 0 0.596723 0 0.6042 0 0 0.601688 0 0 0 0.603547 0 0 0 0.604798 0 0 0 0.601688 0 0 0 0 0 0 0 0.604798 0 0 0 0.6 0.596723 0 0 0 0 0 0.604798 0 0 0 0 0.6 0.604798 0 
F6Si                 CHEMBL359599                             
0 0.816 0.827343 0.82743 0.824966 0.825054 0.811 0.816 0 0 0 0 0 0 0.827343 0 0 0 0 0 0 0.82743 0 0 0 0 0 0 0.824966 0 0 0 0 0 0 0.825054 0 0 0 0 0 0 0.811 0 0 0 0 0 0 
C5H10N2              CHEMBL359703                             
0 0.830004 0.826556 0.824915 0 0 0 0.830004 0 0 0 0.827803 0 0 0.826556 0 0 0 0 0 0 0.824915 0 0 0 0 0.829368 0.822969 0 0.827803 0 0 0 0.818514 0 0 0 0 0.829368 0.818514 0 0 0 0 0 0.822969 0 0 0 
C5H8O2               CHEMBL36365          Gama-Valerolactone  
0 0.825 0 0 0.823848 0 0 0.825 0 0.825176 0 0 0 0.825029 0 0.825176 0 0.82755 0 0.824838 0 0 0 0.82755 0 0.824076 0 0 0.823848 0 0 0.824076 0 0 0 0 0 0.824838 0 0 0 0 0 0.825029 0 0 0 0 0 
C5H14N2              CHEMBL369230                             
0 0 0 0.823294 0.836766 0.853299 0.823294 0 0 0 0 0.823294 0 0 0 0 0 0.826931 0 0 0 0.823294 0 0.826931 0 0 0 0 0.836766 0.823294 0 0 0 0 0 0.853299 0 0 0 0 0 0 0.823294 0 0 0 0 0 0 
C4H6O3               CHEMBL370643                             
0 0.825 0.826498 0 0 0 0.825052 0.825 0 0.826498 0.821249 0 0 0 0.826498 0.826498 0 0 0 0 0 0 0.821249 0 0 0.825001 0.825045 0 0 0 0 0.825001 0 0 0 0 0 0 0.825045 0 0 0 0.825052 0 0 0 0 0 0 
C2H3N3S2             CHEMBL372507                             
0 0.825921 0.829234 0 0 0 0 0.825921 0 0 0.818323 0 0.82479 0 0.829234 0 0 0 0.830098 0 0.82623 0 0.818323 0 0 0.825042 0 0 0 0 0.830098 0.825042 0 0 0 0 0.82479 0 0 0 0 0 0 0 0.82623 0 0 0 0 
C2H8NO3P             CHEMBL38354                              
0 0.825 0 0 0 0 0 0.825 0 0.825025 0 0 0 0 0 0.825025 0 0.825 0 0 0 0 0 0.825 0 0.825 0.825 0.825 0 0 0 0.825 0 0 0 0 0 0 0.825 0 0 0 0 0 0 0.825 0 0 0 
C4H8BrNO             CHEMBL410431                             
0 0.823294 0.825 0.823294 0 0 0 0.823294 0 0 0 0.829034 0.823294 0.831802 0.825 0 0 0 0 0 0 0.823294 0 0 0 0 0 0 0 0.829034 0 0 0 0 0 0 0.823294 0 0 0 0 0 0 0.831802 0 0 0 0 0 
C3H9NO2Se            CHEMBL41065                              
0 0.828025 0.826023 0.825262 0 0 0 0.828025 0 0 0 0 0 0 0.826023 0 0 0 0 0 0 0.825262 0 0 0 0 0.818917 0 0 0 0 0 0 0 0.82435 0 0 0 0.818917 0 0 0.825169 0 0 0 0 0.82435 0.825169 0 
C5H12OS              CHEMBL414834                             
0 0.837919 0.82364 0.827294 0 0 0 0.837919 0 0 0 0 0 0 0.82364 0 0 0 0.83184 0 0 0.827294 0 0 0 0 0 0 0 0 0.83184 0 0 0.829007 0.828744 0 0 0 0 0.829007 0 0 0 0 0 0 0.828744 0 0 
C3H8N2O2             CHEMBL420464                             
0 0.830487 0.8333 0 0.823294 0 0 0.830487 0 0 0.823294 0 0 0.825 0.8333 0 0 0 0 0 0 0 0.823294 0 0 0 0 0 0.823294 0 0 0 0 0 0 0 0 0 0 0 0 0.825406 0 0.825 0 0 0 0.825406 0 
C4H7BrO2             CHEMBL42088          Acetic              
0 0.6083 0.597477 0 0.604669 0 0 0.6083 0 0 0 0 0 0 0.597477 0 0 0 0 0 0.605212 0 0 0 0 0 0.597477 0 0.604669 0 0 0 0 0 0 0 0 0 0.597477 0 0 0.602596 0 0 0.605212 0 0 0.602596 0 
C4H4S3               CHEMBL425332                             
0 0.823449 0 0 0.820052 0 0 0.823449 0 0.819616 0 0 0.828779 0 0 0.819616 0 0.825 0 0 0 0 0 0.825 0 0.818323 0 0 0.820052 0 0 0.818323 0 0 0.83691 0 0.828779 0 0 0 0 0 0 0 0 0 0.83691 0 0 
C5H6O2               CHEMBL440914                             
0 0 0.815624 0.8208 0 0.827803 0 0 0 0.81838 0 0.821947 0 0 0.815624 0.81838 0 0 0 0 0 0.8208 0 0 0 0.830234 0 0 0 0.821947 0 0.830234 0 0 0 0.827803 0 0 0 0 0 0.825451 0 0 0 0 0 0.825451 0 
C5H10O2              CHEMBL44115          Propionic           
0 0.825025 0 0 0 0 0 0.825025 0 0.824939 0 0 0 0 0 0.824939 0 0.825 0.825025 0 0 0 0 0.825 0 0 0 0 0 0 0.825025 0 0 0.825025 0 0 0 0 0 0.825025 0 0.824939 0 0 0 0 0 0.824939 0 
C5H10O2              CHEMBL44857          Acetic              
0 0.825025 0.825 0.824939 0 0 0 0.825025 0 0 0 0 0 0 0.825 0 0 0 0 0 0 0.824939 0 0 0 0.825025 0 0 0 0 0 0.825025 0 0.825025 0 0 0 0 0 0.825025 0 0.824939 0 0 0 0 0 0.824939 0 
C6H14O               CHEMBL45425          2-Hexanol           
0 0.824989 0 0 0 0 0 0.824989 0 0.824988 0 0 0 0.8253 0 0.824988 0 0.824989 0 0 0 0 0 0.824989 0 0.824988 0 0 0 0 0 0.824988 0 0.824902 0 0 0 0 0 0.824902 0 0 0 0.8253 0 0 0 0 0 
C5H11NO              CHEMBL45466          N-Butyl-Formamide   
0 0.604669 0.6 0 0 0 0 0.604669 0 0 0 0 0 0 0.6 0 0 0.6042 0 0 0 0 0 0.6042 0 0.612455 0 0 0 0 0 0.612455 0 0.600057 0 0 0 0 0 0.600057 0 0.604669 0 0 0 0 0 0.604669 0 
C6H14O               CHEMBL46678          3-Hexanol           
0 0.825062 0 0 0 0 0 0.825062 0 0.824975 0 0 0 0 0 0.824975 0 0.825148 0 0 0.8285 0 0 0.825148 0 0.824975 0 0 0 0 0 0.824975 0 0.824975 0 0 0 0 0 0.824975 0 0 0 0 0.8285 0 0 0 0 
C3H5N3S              CHEMBL47803                              
0 0.822672 0 0 0.825852 0 0 0.822672 0 0 0.8206 0 0.82883 0 0 0 0 0.825196 0.82883 0 0 0 0.8206 0.825196 0 0 0 0 0.825852 0 0.82883 0 0 0 0.823867 0 0.82883 0 0 0 0 0 0 0 0 0 0.823867 0 0 
C5H6O2               CHEMBL47969                              
0 1.0292 0.6 0 0.598078 0 0 1.0292 0 0 0 0 0.6 0 0.6 0 0 0.599597 0 0 0 0 0 0.599597 0 0 0.595982 0 0.598078 0 0 0 0 0 0 0 0.6 0 0.595982 0 0 0.604669 0 0 0 0 0 0.604669 0 
C5H9NO               CHEMBL49774          N-Cyclobutyl-Formamide
0 0.601026 0.6042 0 0 0 0 0.601026 0 0 0 0 0 0 0.6042 0 0 0.6083 0 0 0 0 0 0.6083 0 0 0.606938 0.601041 0 0 0 0 0 0.601041 0.606938 0 0 0 0.606938 0.601041 0 0 0 0 0 0.601041 0.606938 0 0 
C5H8O2               CHEMBL49996          2-Methyl-Acrylic    
0 0.604669 0.597477 0 0.6 0 0 0.604669 0 0 0.6 0 0.593848 0 0.597477 0 0 0 0 0 0 0 0.6 0 0 0 0 0 0.6 0 0 0 0 0 0.604669 0 0.593848 0 0 0 0 0 0 0 0 0 0.604669 0 0 
C3H6ClNO2            CHEMBL51989                              
0 0.597477 0.6 0 0.601026 0 0 0.597477 0 0 0.601027 0 0 0.6 0.6 0 0 0 0 0 0 0 0.601027 0 0 0 0 0 0.601026 0 0 0 0 0 0 0 0 0 0 0 0 0.599597 0 0.6 0 0 0 0.599597 0 
C5H8O2               CHEMBL52084          Acrylic             
0 0.604669 0.597477 0 0.6 0 0 0.604669 0 0 0.6 0 0 0 0.597477 0 0 0 0 0 0 0 0.6 0 0 0 0 0 0.6 0 0 0 0 0.604669 0 0 0 0 0 0.604669 0 0.6 0 0 0 0 0 0.6 0 
C5H8O2               CHEMBL52416                              
0 0.604669 0.597477 0 0.6 0 0 0.604669 0 0 0.6 0 0.593848 0 0.597477 0 0 0 0 0 0 0 0.6 0 0 0 0 0.593848 0.6 0 0 0 0 0 0 0 0.593848 0 0 0 0 0 0 0 0 0.593848 0 0 0 
C5H6O2               CHEMBL53384          Propynoic           
0 0.597521 0.606347 0 0 0 0 0.597521 0 0 0 0 0 0 0.606347 0 0 0.596393 0.601041 0 0 0 0 0.596393 0 0 0 0 0 0 0.601041 0 0 0.594243 0 0 0 0 0 0.594243 0 0.609886 0 0 0 0 0 0.609886 0 
C5H9NO               CHEMBL53752                              
0 0.823294 0.825 0 0.826931 0 0 0.823294 0 0 0.823294 0 0.825 0 0.825 0 0 0 0 0 0 0 0.823294 0 0 0 0 0.830487 0.826931 0 0 0 0 0 0 0 0.825 0 0 0 0 0 0 0 0 0.830487 0 0 0 
C6H7N                CHEMBL538            benzenaminium       
0 0.825 0 0 0 0 0 0.825 0 0.828473 0.82856 0 0 0 0 0.828473 0 0 0.825 0 0 0 0.82856 0 0 0 0.825 0 0 0 0.825 0 0 0 0.824881 0 0 0 0.825 0 0 0.824968 0 0 0 0 0.824881 0.824968 0 
C2HF3N2              CHEMBL54683                              
0 0 0.707491 0 0.7084 0.710012 0.707491 0 0 0.7084 0.712512 0 0 0 0.707491 0.7084 0 0 0 0 0 0 0.712512 0 0 0 0 0 0.7084 0 0 0 0 0 0 0.710012 0 0 0 0 0 0 0.707491 0 0 0 0 0 0 
C3H7NO2S             CHEMBL54943          Cysteine            
0 0.823294 0.8333 0 0.823293 0 0 0.823294 0 0 0.823293 0 0 0.825 0.8333 0 0 0 0 0 0 0 0.823293 0 0 0 0 0 0.823293 0 0 0 0 0 0 0 0 0 0 0 0 0.823294 0 0.825 0 0 0 0.823294 0 
C5H6O2               CHEMBL55078                              
0 0.597477 0.6 0.604669 0 0 0 0.597477 0 0 0 0 0.593848 0 0.6 0 0 0 0.597477 0 0 0.604669 0 0 0 0 0 0 0 0 0.597477 0 0 0 0.593848 0 0.593848 0 0 0 0 0.6 0 0 0 0 0.593848 0.6 0 
C4H9NO2              CHEMBL55242          2-Amino-Butyric     
0 0.825 0.819166 0.792846 0 0 0 0.825 0 0 0 0 0 0 0.819166 0 0 0 0.825043 0.830487 0 0.792846 0 0 0 0 0 0 0 0 0.825043 0 0 0 0 0 0 0.830487 0 0 0 0.821197 0 0 0 0 0 0.821197 0 
C5H8O2               CHEMBL55941                              
0 0.601026 0.604669 0 0.6 0 0 0.601026 0 0 0.6 0 0.597477 0 0.604669 0 0 0 0 0 0 0 0.6 0 0 0 0 0.601026 0.6 0 0 0 0 0 0 0 0.597477 0 0 0 0 0 0 0 0 0.601026 0 0 0 
C2H5N5               CHEMBL56973          Guanazole           
0 0.824997 0 0 0.8257 0 0.819919 0.824997 0 0.823178 0 0 0 0 0 0.823178 0 0.823259 0 0.8258 0 0 0 0.823259 0 0.826289 0 0 0.8257 0 0 0.826289 0 0 0 0 0 0.8258 0 0 0 0 0.819919 0 0 0 0 0 0 
C5H9NO               CHEMBL59378                              
0 0.821049 0.833341 0.824382 0 0 0 0.821049 0 0 0 0.835413 0 0 0.833341 0 0 0 0 0 0 0.824382 0 0 0 0 0.83667 0.818323 0 0.835413 0 0 0 0.825 0 0 0 0 0.83667 0.825 0 0 0 0 0 0.818323 0 0 0 
C4H6N2S              CHEMBL61455                              
0 0.604798 0.60013 0 0 0.598269 0 0.604798 0 0 0.6042 0 0 0 0.60013 0 0 0 0.60013 0 0 0 0.6042 0 0 0.603509 0 0 0 0 0.60013 0.603509 0 0 0 0.598269 0 0 0 0 0 0.595902 0 0 0 0 0 0.595902 0 
C4H7NaO2             CHEMBL62381          Sodium              
0 0.823294 0.826844 0.825 0 0 0 0.823294 0 0 0 0 0 0 0.826844 0 0 0 0 0 0 0.825 0 0 0 0.826844 0 0 0 0 0 0.826844 0 0.825 0 0 0 0 0 0.825 0 0 0 0 0 0 0 0 0 
C4H5FN2              CHEMBL62383                              
0 0.60013 0.604798 0 0 0.598269 0 0.60013 0 0 0 0.60013 0 0.6 0.604798 0 0 0.6042 0 0 0 0 0 0.6042 0 0.603509 0 0 0 0.60013 0 0.603509 0 0 0 0.598269 0 0 0 0 0 0 0 0.6 0 0 0 0 0 
C4H7N3               CHEMBL64053                              
0 0.60013 0.604798 0 0 0.598269 0 0.60013 0 0 0 0.60013 0 0.6 0.604798 0 0 0.6042 0 0 0 0 0 0.6042 0 0.603509 0 0 0 0.60013 0 0.603509 0 0 0 0.598269 0 0 0 0 0 0 0 0.6 0 0 0 0 0 
C5H5NO               CHEMBL662            SR-1C9              
0 0.815516 0 0.825 0.826931 0 0 0.815516 0 0.819167 0 0 0 0 0 0.819167 0 0 0 0.825 0 0.825 0 0 0 0 0 0.82387 0.826931 0 0 0 0 0 0 0 0 0.825 0 0 0 0.827484 0 0 0 0.82387 0 0.827484 0 
CH3O5P               CHEMBL666            EHB-776             
0 0.709602 0.709602 0.709097 0.71323 0 0 0.709602 0 0 0 0 0.713231 0.7042 0.709602 0 0 0 0 0 0 0.709097 0 0 0 0 0 0 0.71323 0 0 0 0 0 0 0 0.713231 0 0 0 0 0 0 0.7042 0 0 0 0 0 
C3H4N2O2             CHEMBL67409                              
0 0.8333 0 0 0.835413 0.825406 0 0.8333 0 0.835413 0 0 0 0.821049 0 0.835413 0 0.821049 0 0 0 0 0 0.821049 0 0.827803 0 0 0.835413 0 0 0.827803 0 0 0 0.825406 0 0 0 0 0 0 0 0.821049 0 0 0 0 0 
C3H4N4               CHEMBL71962                              
0 0.817983 0.835539 0.826254 0 0 0 0.817983 0 0 0 0.821859 0 0 0.835539 0 0 0 0 0 0.831038 0.826254 0 0 0 0 0.827742 0 0 0.821859 0 0 0 0 0 0 0 0 0.827742 0 0 0.826053 0 0 0.831038 0 0 0.826053 0 
C5H4OS               CHEMBL72211          Thiophene-3-Carbaldehyde
0 0 0.826556 0.825262 0 0.831702 0 0 0 0.821717 0 0.820061 0 0 0.826556 0.821717 0 0 0 0 0 0.825262 0 0 0 0.819606 0 0 0 0.820061 0 0.819606 0 0 0 0.831702 0 0 0 0 0 0.827236 0 0 0 0 0 0.827236 0 
C5H6OS               CHEMBL76469                              
0 0 0.826556 0.825262 0 0.831702 0 0 0 0.821717 0 0.820061 0 0 0.826556 0.821717 0 0 0 0 0 0.825262 0 0 0 0.819606 0 0 0 0.820061 0 0.819606 0 0 0 0.831702 0 0 0 0 0 0.823849 0 0 0 0 0 0.823849 0 
C3H6N2O2             CHEMBL771            Seromycin           
0 0 0 0 0 0 0.824998 0 0 0 0.825 0 0.824967 0 0 0 0 0 0.825 0 0 0 0.825 0 0 0 0 0.824998 0 0 0.825 0 0 0.824955 0.825036 0 0.824967 0 0 0.824955 0 0 0.824998 0 0 0.824998 0.825036 0 0 
C3H4O4               CHEMBL7942           Sodium              
0 0.824939 0.825025 0 0 0 0 0.824939 0 0 0.825025 0.825 0 0 0.825025 0 0 0 0 0.825025 0.825 0 0.825025 0 0 0 0 0 0 0.825 0 0 0 0 0 0 0 0.825025 0 0 0 0 0 0 0.825 0 0 0 0 
C3H6N2O2             CHEMBL8151                               
0 0.835413 0.8333 0 0 0 0.821049 0.835413 0 0 0.821049 0 0 0 0.8333 0 0 0 0.835413 0.825406 0 0 0.821049 0 0 0.827803 0 0 0 0 0.835413 0.827803 0 0 0 0 0 0.825406 0 0 0 0 0.821049 0 0 0 0 0 0 
C3H3NO2S             CHEMBL85398          Thiazolidinedione   
0 0.813365 0.818832 0 0 0 0 0.813365 0 0 0.820821 0.834275 0 0 0.818832 0 0 0 0 0.831038 0.817962 0 0.820821 0 0 0 0 0.814747 0 0.834275 0 0 0 0 0 0 0 0.831038 0 0 0 0 0 0 0.817962 0.814747 0 0 0 
C3H7NO2S             CHEMBL863            E920                
0 0.830785 0.8282 0 0.826706 0 0 0.830785 0 0 0.8234 0 0 0.82246 0.8282 0 0 0 0 0 0 0 0.8234 0 0 0 0 0 0.826706 0 0 0 0 0 0 0 0 0 0 0 0 0.822374 0 0.82246 0 0 0 0.822374 0 
C4H5N3               CHEMBL88580          Pyrimidin-2-amine   
0 0.824999 0 0 0 0 0 0.824999 0 0.824937 0 0 0 0.825026 0 0.824937 0 0.825001 0 0 0 0 0 0.825001 0 0.824937 0 0 0 0 0 0.824937 0 0.825026 0 0 0 0 0 0.825026 0 0.825001 0 0.825026 0 0 0 0.825001 0 
C4H11N3              CHEMBL89042          Piperazin-1-Ylamine 
0 0 0.997521 1 1.0057 0 0 0 0 0 0 0 0.996949 0.991735 0.997521 0 0 0 0 0 0 1 0 0 0 0 0.991904 0 1.0057 0 0 0 0 0 0.990388 0 0.996949 0 0.991904 0 0 0 0 0.991735 0 0 0.990388 0 0 
C3H4N4               CHEMBL89436                              
0 0.60467 0.605212 0 0 0 0.600057 0.60467 0 0 0 0 0.6083 0 0.605212 0 0 0 0.6 0 0 0 0 0 0 0.601026 0.604669 0 0 0 0.6 0.601026 0 0 0 0 0.6083 0 0.604669 0 0 0 0.600057 0 0 0 0 0 0 
C4H6O2S              CHEMBL89706                              
0 0.873366 0.8583 0.823294 0 0 0 0.873366 0 0.869278 0 0 0 0 0.8583 0.869278 0 0 0 0 0 0.823294 0 0 0 0.821197 0.825 0 0 0 0 0.821197 0 0 0 0 0 0 0.825 0 0 0.823293 0 0 0 0 0 0.823293 0 
C2H2D3NO             CHEMBL9081           N-(Trideuteriomethyl)Formamide
0 0.826931 0 0 0.825 0.823294 0.829911 0.826931 0 0.823294 0 0 0 0 0 0.823294 0 0.825 0 0 0 0 0 0.825 0 0 0 0 0.825 0 0 0 0 0 0 0.823294 0 0 0 0 0 0 0.829911 0 0 0 0 0 0 
C7H8                 CHEMBL9113           Toluene             
0 0.825 0 0 0 0 0 0.825 0 0.825025 0 0 0 0.825025 0 0.825025 0 0.825 0 0 0 0 0 0.825 0 0.825025 0 0 0 0 0 0.825025 0 0.825025 0 0 0 0 0 0.825025 0 0.825 0 0.825025 0 0 0 0.825 0 
C4H9Cl2N             CHEMBL913            Nornitrogen         
0 0 0 0.825002 0.823683 0 0 0 0 0 0 0 0 0.821581 0 0 0 0 0 0.816148 0 0.825002 0 0 0 0 0.823683 0 0.823683 0 0 0 0 0 0.824777 0 0 0.816148 0.823683 0 0 0 0 0.821581 0 0 0.824777 0 0 
C5H14NO              CHEMBL920            Choline             
0 0 0.595379 0.602597 0.599597 0.606764 0 0 0 0 0 0 0 0.598941 0.595379 0 0 0 0 0 0.602597 0.602597 0 0 0 0 0 0 0.599597 0 0 0 0 0 0 0.606764 0 0 0 0 0 0 0 0.598941 0.602597 0 0 0 0 
C4H5NO2              CHEMBL92167                              
0 0.827511 0 0.825 0 0 0 0.827511 0 0.821049 0 0.82623 0 0 0 0.821049 0 0 0 0.817642 0 0.825 0 0 0 0 0.82623 0.826772 0 0.82623 0 0 0 0 0 0 0 0.817642 0.82623 0 0 0 0 0 0 0.826772 0 0 0 
C4H7N3               CHEMBL92694                              
0 0.60013 0 0.599829 0 0 0 0.60013 0 0 0 0.598677 0 0.597521 0 0 0 0.60414 0.596385 0 0 0.599829 0 0.60414 0 0 0 0 0 0.598677 0.596385 0 0 0 0 0 0 0 0 0 0 0.601934 0 0.597521 0 0 0 0.601934 0 
C2HBrClF3            CHEMBL931            Fluothane           
0 0.825 0 0 0 0.831925 0.828206 0.825 0 0.825 0.8292 0.8292 0 0 0 0.825 0 0 0 0 0 0 0.8292 0 0 0 0 0 0 0.8292 0 0 0 0 0 0.831925 0 0 0 0 0 0 0.828206 0 0 0 0 0 0 
C5H6O2               CHEMBL93112                              
0 0.825379 0.808457 0 0 0 0 0.825379 0 0 0.841975 0 0.827511 0 0.808457 0 0 0 0.841975 0 0.827511 0 0.841975 0 0 0 0 0 0 0 0.841975 0 0 0 0 0 0.827511 0 0 0 0 0.8208 0 0 0.827511 0 0 0.8208 0 
C4H9NO2              CHEMBL96             Gamma-Aminobutyric  
0 0.824938 0 0 0 0 0 0.824938 0 0.825025 0 0 0 0 0 0.825025 0 0.825025 0 0 0 0 0 0.825025 0 0.825025 0 0 0 0 0 0.825025 0 0.824939 0.825 0 0 0 0 0.824939 0 0 0 0 0 0 0.825 0 0 
C4H9N3               CHEMBL97965                              
0 0.821049 0.824382 0 0 0.825042 0 0.821049 0 0 0 0.827511 0 0.82623 0.824382 0 0 0.828779 0 0 0 0 0 0.828779 0 0.825 0 0 0 0.827511 0 0.825 0 0 0 0.825042 0 0 0 0 0 0 0 0.82623 0 0 0 0 0 
C5H10N2              CHEMBL98596                              
0 0 0.821049 0.827511 0 0 0 0 0 0.824382 0 0.828779 0 0 0.821049 0.824382 0 0 0 0.825042 0 0.827511 0 0 0 0.825 0 0 0 0.828779 0 0.825 0 0 0 0 0 0.825042 0 0 0 0.834641 0 0 0 0 0 0.834641 0 
C4H7BrN2             CHEMBL99153                              
0 0.821049 0.824382 0 0 0.825042 0 0.821049 0 0 0 0.827511 0 0.82623 0.824382 0 0 0.828779 0 0 0 0 0 0.828779 0 0.825 0 0 0 0.827511 0 0.825 0 0 0 0.825042 0 0 0 0 0 0 0 0.82623 0 0 0 0 0 
C4H8N2S              CHEMBL99226                              
0 0.821049 0.824382 0 0 0.825042 0 0.821049 0 0 0.827511 0 0 0 0.824382 0 0 0 0.828779 0 0 0 0.827511 0 0 0.825 0 0 0 0 0.828779 0.825 0 0 0 0.825042 0 0 0 0 0 0.823294 0 0 0 0 0 0.823294 0 
